1 0 0
2 1 0
3 1 0
4 2 0
5 2 0
6 3 0
7 3 0
8 4 0
9 5 0
10 5 0
11 5 0
12 6 0
13 6 0
14 6 0
15 7 0
16 8 0
17 8 0
18 9 0
19 9 0
20 10 0
21 10 0
22 11 0
23 11 0
24 12 0
25 12 0
26 13 0
27 13 0
28 14 0
29 14 0
30 15 0
31 15 0
32 16 0
33 17 0
34 17 0
35 17 0
36 18 0
37 19 0
38 20 0
39 21 0
40 22 0
41 23 0
42 24 0
43 25 0
44 26 0
45 27 0
46 28 0
47 29 0
48 30 0
49 31 0
50 31 0
51 31 0
52 32 0
53 32 0
54 33 0
55 33 0
56 34 0
57 34 0
58 35 0
59 35 0
60 36 0
61 36 0
62 37 0
63 37 0
64 38 0
65 38 0
66 39 0
67 39 0
68 40 0
69 40 0
70 41 0
71 41 0
72 42 0
73 42 0
74 43 0
75 43 0
76 44 0
77 44 0
78 45 0
79 45 0
80 46 0
81 46 0
82 47 0
83 48 0
84 48 0
85 49 0
86 49 0
87 50 0
88 50 0
89 51 0
90 51 0
91 52 0
92 53 0
93 53 0
94 53 0
95 54 0
96 55 0
97 56 0
98 57 0
99 58 0
100 59 0
101 60 0
102 61 0
103 61 0
104 61 0
105 62 0
106 62 0
107 63 0
108 64 0
109 64 0
110 64 0
111 65 0
112 66 0
113 66 0
114 66 0
115 67 0
116 68 0
117 69 0
118 69 0
119 69 0
120 70 0
121 71 0
122 71 0
123 72 0
124 73 0
125 73 0
126 73 0
127 74 0
128 74 0
129 74 0
130 75 0
131 76 0
132 76 0
133 76 0
134 77 0
135 78 0
136 78 0
137 78 0
138 79 0
139 80 0
140 81 0
141 81 0
142 81 0
143 82 0
144 83 0
145 83 0
146 83 0
147 84 0
148 85 0
149 86 0
150 88 0
151 89 0
152 90 0
153 91 0
154 91 0
155 92 0
156 92 0
157 93 0
158 93 0
159 94 0
160 94 0
161 95 0
162 95 0
163 96 0
164 96 0
165 97 0
166 97 0
167 98 0
168 98 0
169 99 0
170 100 0
171 100 0
172 101 0
173 101 0
174 102 0
175 102 0
176 103 0
177 103 0
178 104 0
179 104 0
180 105 0
181 105 0
182 106 0
183 106 0
184 107 0
185 107 0
186 108 0
187 109 0
188 109 0
189 110 0
190 110 0
191 111 0
192 111 0
193 112 0
194 112 0
195 113 0
196 113 0
197 114 0
198 114 0
199 115 0
200 115 0
201 116 0
202 116 0
203 117 0
204 117 0
205 118 0
206 119 0
207 119 0
208 120 0
209 120 0
210 121 0
211 121 0
212 122 0
213 122 0
214 123 0
215 123 0
216 124 0
217 124 0
218 125 0
219 126 0
220 126 0
221 127 0
222 127 0
223 128 0
224 128 0
225 129 0
226 129 0
227 130 0
228 130 0
229 131 0
230 132 0
231 133 0
232 133 0
233 134 0
234 134 0
235 135 0
236 135 0
237 136 0
238 137 0
239 137 0
240 138 0
241 138 0
242 139 0
243 139 0
244 140 0
245 140 0
246 141 0
247 141 0
248 142 0
249 143 0
250 143 0
251 144 0
252 144 0
253 145 0
254 145 0
255 146 0
256 146 0
257 147 0
258 147 0
259 148 0
260 148 0
261 149 0
262 149 0
263 150 0
264 150 0
265 151 0
266 151 0
267 152 0
268 152 0
269 153 0
270 153 0
271 153 0
272 154 0
273 155 0
274 156 0
275 157 0
276 158 0
277 159 0
278 160 0
279 161 0
280 161 0
281 162 0
282 163 0
283 163 0
284 163 0
285 164 0
286 165 0
287 166 0
288 166 0
289 166 0
290 167 0
291 168 0
292 168 0
293 168 0
294 169 0
295 170 0
296 170 0
297 170 0
298 171 0
299 172 0
300 172 0
301 172 0
302 173 0
303 175 0
304 176 0
305 177 0
306 178 0
307 180 0
308 181 0
309 182 0
310 183 0
311 184 0
312 184 0
313 184 0
314 185 0
315 186 0
316 187 0
317 188 0
318 189 0
319 191 0
320 191 0
321 191 0
322 192 0
323 193 0
324 194 0
325 195 0
326 198 0
327 199 0
328 200 0
329 200 0
330 200 0
331 201 0
332 201 0
333 201 0
334 202 0
335 203 0
336 204 0
337 205 0
338 207 0
339 208 0
340 209 0
341 209 0
342 209 0
343 210 0
344 211 0
345 212 0
346 213 0
347 214 0
348 214 0
349 214 0
350 215 0
351 217 0
352 218 0
353 219 0
354 220 0
355 221 0
356 223 0
357 224 0
358 225 0
359 226 0
360 227 0
361 227 0
362 227 0
363 228 0
364 229 0
365 230 0
366 231 0
367 232 0
368 233 0
369 233 0
370 233 0
371 234 0
372 235 0
373 236 0
374 237 0
375 238 0
376 239 0
377 240 0
378 241 0
379 241 0
380 241 0
381 242 0
382 243 0
383 243 0
384 243 0
385 244 0
386 245 0
387 246 0
388 247 0
389 248 0
390 249 0
391 250 0
392 250 0
393 250 0
394 251 0
395 252 0
396 253 0
397 254 0
398 255 0
399 256 0
400 257 0
401 257 0
402 257 0
403 258 0
404 259 0
405 260 0
406 260 0
407 261 0
408 261 0
409 262 0
410 263 0
411 264 0
412 264 0
413 264 0
414 265 0
415 266 0
416 266 0
417 267 0
418 267 0
419 267 0
420 268 0
421 269 0
422 269 0
423 270 0
424 270 0
425 271 0
426 271 0
427 272 0
428 272 0
429 273 0
430 274 0
431 274 0
432 275 0
433 275 0
434 276 0
435 276 0
436 277 0
437 277 0
438 278 0
439 278 0
440 279 0
441 279 0
442 280 0
443 280 0
444 281 0
445 281 0
446 282 0
447 283 0
448 283 0
449 284 0
450 284 0
451 285 0
452 285 0
453 286 0
454 286 0
455 287 0
456 288 0
457 289 0
458 289 0
459 290 0
460 290 0
461 291 0
462 291 0
463 292 0
464 292 0
465 293 0
466 293 0
467 294 0
468 294 0
469 295 0
470 295 0
471 296 0
472 296 0
473 297 0
474 298 0
475 298 0
476 299 0
477 299 0
478 300 0
479 300 0
480 301 0
481 301 0
482 302 0
483 302 0
484 303 0
485 303 0
486 304 0
487 304 0
488 305 0
489 305 0
490 306 0
491 306 0
492 307 0
493 307 0
494 308 0
495 308 0
496 309 0
497 309 0
498 310 0
499 310 0
500 311 0
501 311 0
502 312 0
503 312 0
504 313 0
505 313 0
506 314 0
507 314 0
508 315 0
509 315 0
510 316 0
511 316 0
512 317 0
513 317 0
514 318 0
515 318 0
516 319 0
517 319 0
518 320 0
519 320 0
520 321 0
521 321 0
522 322 0
523 322 0
524 323 0
525 323 0
526 324 0
527 325 0
528 325 0
529 326 0
530 326 0
531 327 0
532 327 0
533 328 0
534 328 0
535 329 0
536 329 0
537 330 0
538 330 0
539 331 0
540 331 0
541 332 0
542 332 0
543 333 0
544 333 0
545 334 0
546 334 0
547 335 0
548 335 0
549 336 0
550 337 0
551 337 0
552 338 0
553 338 0
554 339 0
555 339 0
556 340 0
557 340 0
558 341 0
559 341 0
560 342 0
561 342 0
562 343 0
563 344 0
564 344 0
565 345 0
566 346 0
567 346 0
568 347 0
569 347 0
570 348 0
571 348 0
572 349 0
573 349 0
574 350 0
575 350 0
576 351 0
577 351 0
578 352 0
579 352 0
580 353 0
581 353 0
582 354 0
583 355 0
584 355 0
585 356 0
586 356 0
587 357 0
588 357 0
589 358 0
590 359 0
591 359 0
592 360 0
593 360 0
594 361 0
595 361 0
596 362 0
597 362 0
598 363 0
599 363 0
600 364 0
601 364 0
602 365 0
603 365 0
604 366 0
605 366 0
606 367 0
607 368 0
608 368 0
609 369 0
610 369 0
611 370 0
612 370 0
613 371 0
614 371 0
615 372 0
616 372 0
617 373 0
618 374 0
619 374 0
620 375 0
621 375 0
622 376 0
623 376 0
624 377 0
625 377 0
626 378 0
627 378 0
628 379 0
629 379 0
630 380 0
631 380 0
632 381 0
633 381 0
634 382 0
635 382 0
636 383 0
637 383 0
638 384 0
639 384 0
640 385 0
641 385 0
642 386 0
643 387 0
644 388 0
645 388 0
646 389 0
647 389 0
648 390 0
649 390 0
650 391 0
651 391 0
652 392 0
653 392 0
654 393 0
655 393 0
656 394 0
657 395 0
658 395 0
659 396 0
660 396 0
661 397 0
662 397 0
663 398 0
664 398 0
665 399 0
666 399 0
667 400 0
668 400 0
669 401 0
670 401 0
671 402 0
672 402 0
673 403 0
674 403 0
675 404 0
676 404 0
677 405 0
678 405 0
679 406 0
680 406 0
681 407 0
682 407 0
683 408 0
684 408 0
685 409 0
686 409 0
687 410 0
688 410 0
689 411 0
690 411 0
691 412 0
692 412 0
693 413 0
694 413 0
695 414 0
696 414 0
697 415 0
698 415 0
699 416 0
700 417 0
701 417 0
702 418 0
703 418 0
704 419 0
705 420 0
706 420 0
707 421 0
708 422 0
709 423 0
710 424 0
711 425 0
712 426 0
713 427 0
714 428 0
715 428 0
716 428 0
717 429 0
718 430 0
719 430 0
720 430 0
721 431 0
722 432 0
723 433 0
724 433 0
725 434 0
726 435 0
727 435 0
728 435 0
729 436 0
730 437 0
731 437 0
732 437 0
733 438 0
734 438 0
735 438 0
736 439 0
737 440 0
738 441 0
739 442 0
740 443 0
741 444 0
742 444 0
743 444 0
744 445 0
745 446 0
746 447 0
747 449 0
748 450 0
749 451 0
750 452 0
751 452 0
752 452 0
753 453 0
754 453 0
755 453 0
756 454 0
757 455 0
758 456 0
759 457 0
760 458 0
761 459 0
762 460 0
763 460 0
764 460 0
765 462 0
766 463 0
767 464 0
768 465 0
769 467 0
770 468 0
771 468 0
772 468 0
773 470 0
774 471 0
775 472 0
776 473 0
777 474 0
778 475 0
779 475 0
780 475 0
781 476 0
782 477 0
783 478 0
784 479 0
785 480 0
786 481 0
787 482 0
788 483 0
789 483 0
790 483 0
791 484 0
792 484 0
793 484 0
794 485 0
795 486 0
796 487 0
797 487 0
798 488 0
799 489 0
800 490 0
801 491 0
802 491 0
803 491 0
804 492 0
805 492 0
806 492 0
807 493 0
808 494 0
809 495 0
810 496 0
811 497 0
812 498 0
813 499 0
814 499 0
815 499 0
816 500 0
817 501 0
818 502 0
819 503 0
820 504 0
821 506 0
822 507 0
823 507 0
824 507 0
825 508 0
826 508 0
827 508 0
828 509 0
829 510 0
830 511 0
831 511 0
832 511 0
833 512 0
834 513 0
835 514 0
836 515 0
837 515 0
838 515 0
839 516 0
840 518 0
841 519 0
842 520 0
843 521 0
844 522 0
845 522 0
846 522 0
847 523 0
848 524 0
849 525 0
850 525 0
851 525 0
852 526 0
853 527 0
854 527 0
855 527 0
856 528 0
857 529 0
858 529 0
859 529 0
860 530 0
861 531 0
862 532 0
863 532 0
864 532 0
865 533 0
866 534 0
867 535 0
868 536 0
869 537 0
870 539 0
871 540 0
872 541 0
873 542 0
874 543 0
875 544 0
876 545 0
877 545 0
878 545 0
879 546 0
880 547 0
881 548 0
882 548 0
883 549 0
884 550 0
885 551 0
886 551 0
887 551 0
888 552 0
889 552 0
890 552 0
891 553 0
892 554 0
893 555 0
894 555 0
895 555 0
896 556 0
897 557 0
898 558 0
899 559 0
900 560 0
901 561 0
902 562 0
903 563 0
904 563 0
905 564 0
906 565 0
907 566 0
908 566 0
909 566 0
910 567 0
911 568 0
912 569 0
913 570 0
914 571 0
915 572 0
916 573 0
917 574 0
918 575 0
919 575 0
920 575 0
921 576 0
922 576 0
923 576 0
924 577 0
925 578 0
926 579 0
927 579 0
928 580 0
929 581 0
930 581 0
931 581 0
932 582 0
933 583 0
934 584 0
935 584 0
936 584 0
937 585 0
938 585 0
939 585 0
940 586 0
941 587 0
942 587 0
943 588 0
944 589 0
945 590 0
946 591 0
947 591 0
948 591 0
949 592 0
950 593 0
951 594 0
952 595 0
953 596 0
954 598 0
955 599 0
956 599 0
957 599 0
958 600 0
959 600 0
960 600 0
961 601 0
962 602 0
963 603 0
964 603 0
965 603 0
966 604 0
967 605 0
968 605 0
969 605 0
970 606 0
971 607 0
972 609 0
973 610 0
974 611 0
975 612 0
976 613 0
977 613 0
978 613 0
979 614 0
980 615 0
981 616 0
982 616 0
983 616 0
984 617 0
985 618 0
986 618 0
987 618 0
988 619 0
989 620 0
990 621 0
991 621 0
992 622 0
993 622 0
994 622 0
995 623 0
996 624 0
997 625 0
998 625 0
999 625 0
1000 626 0
1001 627 0
1002 628 0
1003 629 0
1004 630 0
1005 632 0
1006 632 0
1007 632 0
1008 633 0
1009 634 0
1010 635 0
1011 636 0
1012 637 0
1013 638 0
1014 639 0
1015 640 0
1016 640 0
1017 641 0
1018 642 0
1019 643 0
1020 644 0
1021 645 0
1022 645 0
1023 645 0
1024 646 0
1025 646 0
1026 646 0
1027 647 0
1028 648 0
1029 648 0
1030 648 0
1031 649 0
1032 650 0
1033 651 0
1034 653 0
1035 654 0
1036 655 0
1037 656 0
1038 657 0
1039 657 0
1040 657 0
1041 658 0
1042 659 0
1043 660 0
1044 660 0
1045 660 0
1046 661 0
1047 662 0
1048 662 0
1049 662 0
1050 663 0
1051 664 0
1052 664 0
1053 664 0
1054 665 0
1055 665 0
1056 665 0
1057 666 0
1058 667 0
1059 669 0
1060 670 0
1061 671 0
1062 672 0
1063 673 0
1064 673 0
1065 673 0
1066 674 0
1067 675 0
1068 675 0
1069 675 0
1070 676 0
1071 677 0
1072 678 0
1073 679 0
1074 680 0
1075 681 0
1076 684 0
1077 685 0
1078 685 0
1079 685 0
1080 686 0
1081 687 0
1082 688 0
1083 688 0
1084 688 0
1085 689 0
1086 690 0
1087 692 0
1088 693 0
1089 695 0
1090 696 0
1091 696 0
1092 696 0
1093 698 0
1094 699 0
1095 700 0
1096 701 0
1097 703 0
1098 704 0
1099 705 0
1100 706 0
1101 706 0
1102 706 0
1103 707 0
1104 707 0
1105 708 0
1106 708 0
1107 709 0
1108 709 0
1109 710 0
1110 711 0
1111 711 0
1112 712 0
1113 712 0
1114 713 0
1115 713 0
1116 714 0
1117 714 0
1118 715 0
1119 715 0
1120 716 0
1121 716 0
1122 717 0
1123 717 0
1124 718 0
1125 718 0
1126 719 0
1127 719 0
1128 720 0
1129 720 0
1130 721 0
1131 721 0
1132 722 0
1133 722 0
1134 723 0
1135 723 0
1136 724 0
1137 724 0
1138 725 0
1139 725 0
1140 726 0
1141 726 0
1142 727 0
1143 728 0
1144 728 0
1145 729 0
1146 729 0
1147 730 0
1148 730 0
1149 731 0
1150 731 0
1151 732 0
1152 733 0
1153 733 0
1154 734 0
1155 735 0
1156 736 0
1157 736 0
1158 737 0
1159 737 0
1160 738 0
1161 738 0
1162 739 0
1163 739 0
1164 740 0
1165 740 0
1166 741 0
1167 741 0
1168 742 0
1169 742 0
1170 743 0
1171 743 0
1172 744 0
1173 744 0
1174 745 0
1175 745 0
1176 746 0
1177 746 0
1178 747 0
1179 748 0
1180 748 0
1181 749 0
1182 749 0
1183 750 0
1184 750 0
1185 751 0
1186 751 0
1187 752 0
1188 752 0
1189 753 0
1190 753 0
1191 754 0
1192 754 0
1193 755 0
1194 755 0
1195 756 0
1196 756 0
1197 757 0
1198 757 0
1199 758 0
1200 758 0
1201 759 0
1202 760 0
1203 760 0
1204 761 0
1205 761 0
1206 762 0
1207 762 0
1208 763 0
1209 763 0
1210 764 0
1211 764 0
1212 765 0
1213 765 0
1214 766 0
1215 767 0
1216 767 0
1217 768 0
1218 768 0
1219 769 0
1220 769 0
1221 770 0
1222 770 0
1223 771 0
1224 771 0
1225 772 0
1226 772 0
1227 773 0
1228 773 0
1229 774 0
1230 775 0
1231 775 0
1232 776 0
1233 776 0
1234 777 0
1235 777 0
1236 778 0
1237 778 0
1238 779 0
1239 779 0
1240 780 0
1241 780 0
1242 781 0
1243 781 0
1244 782 0
1245 782 0
1246 783 0
1247 783 0
1248 784 0
1249 785 0
1250 785 0
1251 786 0
1252 786 0
1253 787 0
1254 787 0
1255 788 0
1256 788 0
1257 789 0
1258 789 0
1259 790 0
1260 790 0
1261 791 0
1262 791 0
1263 792 0
1264 792 0
1265 793 0
1266 793 0
1267 794 0
1268 794 0
1269 795 0
1270 795 0
1271 796 0
1272 796 0
1273 797 0
1274 797 0
1275 798 0
1276 798 0
1277 799 0
1278 799 0
1279 800 0
1280 800 0
1281 801 0
1282 801 0
1283 802 0
1284 802 0
1285 803 0
1286 804 0
1287 805 0
1288 805 0
1289 806 0
1290 806 0
1291 807 0
1292 807 0
1293 808 0
1294 808 0
1295 809 0
1296 809 0
1297 810 0
1298 810 0
1299 811 0
1300 812 0
1301 812 0
1302 813 0
1303 813 0
1304 814 0
1305 814 0
1306 815 0
1307 816 0
1308 816 0
1309 817 0
1310 817 0
1311 818 0
1312 818 0
1313 819 0
1314 819 0
1315 820 0
1316 820 0
1317 821 0
1318 821 0
1319 822 0
1320 822 0
1321 823 0
1322 823 0
1323 824 0
1324 824 0
1325 825 0
1326 825 0
1327 826 0
1328 826 0
1329 827 0
1330 827 0
1331 828 0
1332 828 0
1333 829 0
1334 829 0
1335 830 0
1336 830 0
1337 831 0
1338 832 0
1339 832 0
1340 833 0
1341 833 0
1342 834 0
1343 835 0
1344 835 0
1345 836 0
1346 836 0
1347 837 0
1348 837 0
1349 838 0
1350 839 0
1351 839 0
1352 840 0
1353 840 0
1354 841 0
1355 841 0
1356 842 0
1357 842 0
1358 843 0
1359 843 0
1360 844 0
1361 844 0
1362 845 0
1363 845 0
1364 846 0
1365 846 0
1366 847 0
1367 847 0
1368 848 0
1369 848 0
1370 849 0
1371 849 0
1372 850 0
1373 850 0
1374 851 0
1375 851 0
1376 852 0
1377 852 0
1378 853 0
1379 854 0
1380 854 0
1381 855 0
1382 855 0
1383 856 0
1384 856 0
1385 857 0
1386 857 0
1387 858 0
1388 858 0
1389 859 0
1390 860 0
1391 860 0
1392 861 0
1393 861 0
1394 862 0
1395 862 0
1396 863 0
1397 863 0
1398 864 0
1399 864 0
1400 865 0
1401 865 0
1402 866 0
1403 866 0
1404 867 0
1405 867 0
1406 868 0
1407 868 0
1408 869 0
1409 869 0
1410 870 0
1411 871 0
1412 871 0
1413 872 0
1414 872 0
1415 873 0
1416 873 0
1417 874 0
1418 874 0
1419 875 0
1420 875 0
1421 876 0
1422 876 0
1423 877 0
1424 877 0
1425 878 0
1426 878 0
1427 879 0
1428 879 0
1429 880 0
1430 880 0
1431 881 0
1432 881 0
1433 882 0
1434 882 0
1435 883 0
1436 883 0
1437 884 0
1438 884 0
1439 885 0
1440 885 0
1441 886 0
1442 886 0
1443 887 0
1444 887 0
1445 888 0
1446 888 0
1447 889 0
1448 889 0
1449 890 0
1450 891 0
1451 891 0
1452 892 0
1453 892 0
1454 893 0
1455 893 0
1456 894 0
1457 894 0
1458 895 0
1459 895 0
1460 896 0
1461 896 0
1462 897 0
1463 897 0
1464 898 0
1465 898 0
1466 899 0
1467 899 0
1468 900 0
1469 901 0
1470 901 0
1471 902 0
1472 902 0
1473 903 0
1474 903 0
1475 904 0
1476 904 0
1477 905 0
1478 905 0
1479 906 0
1480 906 0
1481 907 0
1482 907 0
1483 908 0
1484 909 0
1485 909 0
1486 910 0
1487 910 0
1488 911 0
1489 911 0
1490 912 0
1491 912 0
1492 913 0
1493 913 0
1494 914 0
1495 915 0
1496 915 0
1497 916 0
1498 916 0
1499 917 0
1500 917 0
1501 918 0
1502 918 0
1503 919 0
1504 919 0
1505 920 0
1506 920 0
1507 921 0
1508 921 0
1509 922 0
1510 922 0
1511 923 0
1512 923 0
1513 924 0
1514 924 0
1515 925 0
1516 925 0
1517 926 0
1518 926 0
1519 927 0
1520 927 0
1521 928 0
1522 928 0
1523 929 0
1524 929 0
1525 930 0
1526 930 0
1527 931 0
1528 932 0
1529 932 0
1530 933 0
1531 933 0
1532 934 0
1533 934 0
1534 935 0
1535 935 0
1536 936 0
1537 936 0
1538 937 0
1539 938 0
1540 938 0
1541 939 0
1542 939 0
1543 940 0
1544 940 0
1545 941 0
1546 941 0
1547 942 0
1548 943 0
1549 943 0
1550 944 0
1551 944 0
1552 945 0
1553 945 0
1554 946 0
1555 946 0
1556 947 0
1557 947 0
1558 948 0
1559 949 0
1560 949 0
1561 950 0
1562 950 0
1563 951 0
1564 951 0
1565 952 0
1566 952 0
1567 953 0
1568 953 0
1569 954 0
1570 954 0
1571 955 0
1572 955 0
1573 956 0
1574 956 0
1575 957 0
1576 957 0
1577 958 0
1578 958 0
1579 959 0
1580 959 0
1581 960 0
1582 960 0
1583 961 0
1584 961 0
1585 962 0
1586 962 0
1587 963 0
1588 963 0
1589 964 0
1590 965 0
1591 965 0
1592 966 0
1593 966 0
1594 967 0
1595 967 0
1596 968 0
1597 968 0
1598 969 0
1599 970 0
1600 970 0
1601 971 0
1602 971 0
1603 972 0
1604 972 0
1605 973 0
1606 973 0
1607 974 0
1608 974 0
1609 975 0
1610 975 0
1611 976 0
1612 976 0
1613 977 0
1614 977 0
1615 978 0
1616 978 0
1617 979 0
1618 979 0
1619 980 0
1620 980 0
1621 981 0
1622 981 0
1623 982 0
1624 982 0
1625 983 0
1626 983 0
1627 984 0
1628 984 0
1629 985 0
1630 986 0
1631 986 0
1632 987 0
1633 987 0
1634 988 0
1635 988 0
1636 989 0
1637 989 0
1638 990 0
1639 991 0
1640 992 0
1641 992 0
1642 993 0
1643 993 0
1644 994 0
1645 995 0
1646 995 0
1647 996 0
1648 996 0
1649 997 0
1650 997 0
1651 998 0
1652 998 0
1653 999 0
1654 999 0
1655 1000 0
1656 1000 0
1657 1001 0
1658 1001 0
1659 1002 0
1660 1002 0
1661 1003 0
1662 1003 0
1663 1004 0
1664 1004 0
1665 1005 0
1666 1005 0
1667 1006 0
1668 1006 0
1669 1007 0
1670 1007 0
1671 1008 0
1672 1008 0
1673 1009 0
1674 1010 0
1675 1010 0
1676 1011 0
1677 1011 0
1678 1012 0
1679 1012 0
1680 1013 0
1681 1013 0
1682 1014 0
1683 1014 0
1684 1015 0
1685 1015 0
1686 1016 0
1687 1016 0
1688 1017 0
1689 1017 0
1690 1018 0
1691 1018 0
1692 1019 0
1693 1019 0
1694 1020 0
1695 1020 0
1696 1021 0
1697 1021 0
1698 1022 0
1699 1022 0
1700 1023 0
1701 1023 0
1702 1024 0
1703 1024 0
1704 1025 0
1705 1025 0
1706 1026 0
1707 1027 0
1708 1027 0
1709 1028 0
1710 1028 0
1711 1029 0
1712 1029 0
1713 1030 0
1714 1030 0
1715 1031 0
1716 1031 0
1717 1032 0
1718 1032 0
1719 1033 0
1720 1033 0
1721 1034 0
1722 1034 0
1723 1035 0
1724 1036 0
1725 1036 0
1726 1037 0
1727 1037 0
1728 1038 0
1729 1038 0
1730 1039 0
1731 1039 0
1732 1040 0
1733 1040 0
1734 1041 0
1735 1041 0
1736 1042 0
1737 1042 0
1738 1043 0
1739 1043 0
1740 1044 0
1741 1045 0
1742 1045 0
1743 1046 0
1744 1046 0
1745 1047 0
1746 1048 0
1747 1048 0
1748 1049 0
1749 1049 0
1750 1050 0
1751 1050 0
1752 1051 0
1753 1051 0
1754 1052 0
1755 1052 0
1756 1053 0
1757 1054 0
1758 1055 0
1759 1055 0
1760 1056 0
1761 1057 0
1762 1057 0
1763 1058 0
1764 1058 0
1765 1059 0
1766 1059 0
1767 1060 0
1768 1060 0
1769 1061 0
1770 1061 0
1771 1062 0
1772 1062 0
1773 1063 0
1774 1063 0
1775 1064 0
1776 1064 0
1777 1065 0
1778 1065 0
1779 1066 0
1780 1066 0
1781 1067 0
1782 1067 0
1783 1068 0
1784 1068 0
1785 1069 0
1786 1069 0
1787 1070 0
1788 1070 0
1789 1071 0
1790 1071 0
1791 1072 0
1792 1072 0
1793 1073 0
1794 1073 0
1795 1074 0
1796 1074 0
1797 1075 0
1798 1075 0
1799 1076 0
1800 1076 0
1801 1077 0
1802 1077 0
1803 1078 0
1804 1078 0
1805 1079 0
1806 1079 0
1807 1080 0
1808 1080 0
1809 1081 0
1810 1081 0
1811 1082 0
1812 1082 0
1813 1083 0
1814 1083 0
1815 1084 0
1816 1084 0
1817 1085 0
1818 1086 0
1819 1086 0
1820 1087 0
1821 1087 0
1822 1088 0
1823 1088 0
1824 1089 0
1825 1089 0
1826 1090 0
1827 1090 0
1828 1091 0
1829 1091 0
1830 1092 0
1831 1092 0
1832 1093 0
1833 1093 0
1834 1094 0
1835 1094 0
1836 1095 0
1837 1096 0
1838 1096 0
1839 1097 0
1840 1097 0
1841 1098 0
1842 1098 0
1843 1099 0
1844 1099 0
1845 1100 0
1846 1100 0
1847 1101 0
1848 1101 0
1849 1102 0
1850 1102 0
1851 1103 0
1852 1104 0
1853 1104 0
1854 1104 0
1855 1105 0
1856 1105 0
1857 1105 0
1858 1106 0
1859 1107 0
1860 1107 0
1861 1107 0
1862 1108 0
1863 1109 0
1864 1110 0
1865 1111 0
1866 1111 0
1867 1111 0
1868 1112 0
1869 1112 0
1870 1112 0
1871 1113 0
1872 1114 0
1873 1115 0
1874 1115 0
1875 1115 0
1876 1116 0
1877 1117 0
1878 1118 0
1879 1119 0
1880 1120 0
1881 1122 0
1882 1122 0
1883 1122 0
1884 1123 0
1885 1124 0
1886 1126 0
1887 1128 0
1888 1129 0
1889 1130 0
1890 1130 0
1891 1130 0
1892 1131 0
1893 1132 0
1894 1132 0
1895 1132 0
1896 1133 0
1897 1134 0
1898 1135 0
1899 1136 0
1900 1137 0
1901 1138 0
1902 1139 0
1903 1139 0
1904 1139 0
1905 1140 0
1906 1141 0
1907 1142 0
1908 1143 0
1909 1145 0
1910 1146 0
1911 1146 0
1912 1146 0
1913 1147 0
1914 1149 0
1915 1150 0
1916 1151 0
1917 1152 0
1918 1153 0
1919 1154 0
1920 1155 0
1921 1156 0
1922 1157 0
1923 1157 0
1924 1157 0
1925 1158 0
1926 1159 0
1927 1159 0
1928 1159 0
1929 1160 0
1930 1161 0
1931 1162 0
1932 1163 0
1933 1163 0
1934 1163 0
1935 1164 0
1936 1165 0
1937 1166 0
1938 1168 0
1939 1169 0
1940 1170 0
1941 1171 0
1942 1172 0
1943 1172 0
1944 1172 0
1945 1173 0
1946 1174 0
1947 1175 0
1948 1175 0
1949 1175 0
1950 1176 0
1951 1176 0
1952 1176 0
1953 1177 0
1954 1178 0
1955 1179 0
1956 1179 0
1957 1179 0
1958 1180 0
1959 1181 0
1960 1182 0
1961 1182 0
1962 1182 0
1963 1183 0
1964 1184 0
1965 1185 0
1966 1186 0
1967 1187 0
1968 1189 0
1969 1190 0
1970 1191 0
1971 1192 0
1972 1193 0
1973 1194 0
1974 1195 0
1975 1195 0
1976 1195 0
1977 1196 0
1978 1197 0
1979 1198 0
1980 1198 0
1981 1199 0
1982 1200 0
1983 1200 0
1984 1200 0
1985 1201 0
1986 1202 0
1987 1202 0
1988 1202 0
1989 1203 0
1990 1204 0
1991 1205 0
1992 1205 0
1993 1205 0
1994 1206 0
1995 1207 0
1996 1208 0
1997 1209 0
1998 1210 0
1999 1211 0
2000 1212 0
2001 1212 0
2002 1213 0
2003 1214 0
2004 1215 0
2005 1215 0
2006 1215 0
2007 1216 0
2008 1217 0
2009 1218 0
2010 1218 0
2011 1218 0
2012 1219 0
2013 1219 0
2014 1219 0
2015 1220 0
2016 1222 0
2017 1223 0
2018 1224 0
2019 1225 0
2020 1226 0
2021 1227 0
2022 1227 0
2023 1227 0
2024 1228 0
2025 1229 0
2026 1230 0
2027 1230 0
2028 1230 0
2029 1231 0
2030 1232 0
2031 1233 0
2032 1233 0
2033 1233 0
2034 1234 0
2035 1234 0
2036 1234 0
2037 1235 0
2038 1236 0
2039 1237 0
2040 1239 0
2041 1240 0
2042 1241 0
2043 1242 0
2044 1243 0
2045 1243 0
2046 1243 0
2047 1244 0
2048 1244 0
2049 1244 0
2050 1245 0
2051 1246 0
2052 1246 0
2053 1246 0
2054 1247 0
2055 1248 0
2056 1249 0
2057 1250 0
2058 1250 0
2059 1250 0
2060 1251 0
2061 1251 0
2062 1251 0
2063 1252 0
2064 1253 0
2065 1254 0
2066 1254 0
2067 1254 0
2068 1255 0
2069 1256 0
2070 1257 0
2071 1258 0
2072 1259 0
2073 1261 0
2074 1263 0
2075 1265 0
2076 1266 0
2077 1267 0
2078 1267 0
2079 1267 0
2080 1268 0
2081 1269 0
2082 1269 0
2083 1269 0
2084 1270 0
2085 1271 0
2086 1272 0
2087 1273 0
2088 1274 0
2089 1275 0
2090 1276 0
2091 1276 0
2092 1276 0
2093 1278 0
2094 1279 0
2095 1280 0
2096 1280 0
2097 1280 0
2098 1281 0
2099 1283 0
2100 1284 0
2101 1285 0
2102 1286 0
2103 1287 0
2104 1288 0
2105 1289 0
2106 1290 0
2107 1291 0
2108 1291 0
2109 1291 0
2110 1292 0
2111 1293 0
2112 1295 0
2113 1296 0
2114 1296 0
2115 1296 0
2116 1297 0
2117 1297 0
2118 1297 0
2119 1298 0
2120 1299 0
2121 1300 0
2122 1301 0
2123 1301 0
2124 1301 0
2125 1302 0
2126 1303 0
2127 1304 0
2128 1305 0
2129 1306 0
2130 1307 0
2131 1308 0
2132 1308 0
2133 1309 0
2134 1309 0
2135 1309 0
2136 1310 0
2137 1311 0
2138 1311 0
2139 1312 0
2140 1313 0
2141 1313 0
2142 1313 0
2143 1314 0
2144 1315 0
2145 1316 0
2146 1316 0
2147 1316 0
2148 1317 0
2149 1317 0
2150 1317 0
2151 1318 0
2152 1319 0
2153 1320 0
2154 1322 0
2155 1323 0
2156 1324 0
2157 1325 0
2158 1326 0
2159 1327 0
2160 1329 0
2161 1330 0
2162 1331 0
2163 1332 0
2164 1332 0
2165 1332 0
2166 1333 0
2167 1333 0
2168 1333 0
2169 1334 0
2170 1335 0
2171 1336 0
2172 1337 0
2173 1338 0
2174 1339 0
2175 1340 0
2176 1341 0
2177 1341 0
2178 1341 0
2179 1342 0
2180 1343 0
2181 1344 0
2182 1344 0
2183 1344 0
2184 1345 0
2185 1346 0
2186 1347 0
2187 1348 0
2188 1349 0
2189 1350 0
2190 1351 0
2191 1351 0
2192 1351 0
2193 1352 0
2194 1352 0
2195 1352 0
2196 1353 0
2197 1354 0
2198 1354 0
2199 1355 0
2200 1356 0
2201 1357 0
2202 1357 0
2203 1358 0
2204 1359 0
2205 1359 0
2206 1359 0
2207 1360 0
2208 1361 0
2209 1362 0
2210 1363 0
2211 1364 0
2212 1366 0
2213 1367 0
2214 1367 0
2215 1367 0
2216 1368 0
2217 1368 0
2218 1368 0
2219 1369 0
2220 1371 0
2221 1372 0
2222 1373 0
2223 1374 0
2224 1375 0
2225 1376 0
2226 1376 0
2227 1376 0
2228 1377 0
2229 1378 0
2230 1379 0
2231 1380 0
2232 1381 0
2233 1382 0
2234 1383 0
2235 1383 0
2236 1383 0
2237 1384 0
2238 1385 0
2239 1386 0
2240 1387 0
2241 1388 0
2242 1389 0
2243 1390 0
2244 1391 0
2245 1391 0
2246 1391 0
2247 1392 0
2248 1393 0
2249 1393 0
2250 1393 0
2251 1394 0
2252 1395 0
2253 1396 0
2254 1397 0
2255 1398 0
2256 1399 0
2257 1400 0
2258 1401 0
2259 1401 0
2260 1402 0
2261 1402 0
2262 1403 0
2263 1404 0
2264 1404 0
2265 1405 0
2266 1406 0
2267 1406 0
2268 1406 0
2269 1407 0
2270 1408 0
2271 1409 0
2272 1409 0
2273 1409 0
2274 1410 0
2275 1411 0
2276 1411 0
2277 1411 0
2278 1412 0
2279 1413 0
2280 1414 0
2281 1414 0
2282 1414 0
2283 1415 0
2284 1416 0
2285 1416 0
2286 1416 0
2287 1417 0
2288 1418 0
2289 1418 0
2290 1418 0
2291 1419 0
2292 1419 0
2293 1419 0
2294 1420 0
2295 1421 0
2296 1423 0
2297 1424 0
2298 1425 0
2299 1426 0
2300 1427 0
2301 1427 0
2302 1427 0
2303 1428 0
2304 1429 0
2305 1429 0
2306 1429 0
2307 1430 0
2308 1431 0
2309 1432 0
2310 1433 0
2311 1434 0
2312 1435 0
2313 1435 0
2314 1435 0
2315 1436 0
2316 1437 0
2317 1438 0
2318 1438 0
2319 1438 0
2320 1439 0
2321 1440 0
2322 1442 0
2323 1443 0
2324 1445 0
2325 1446 0
2326 1448 0
2327 1449 0
2328 1450 0
2329 1451 0
2330 1451 0
2331 1451 0
2332 1452 0
2333 1452 0
2334 1452 0
2335 1453 0
2336 1454 0
2337 1455 0
2338 1456 0
2339 1457 0
2340 1458 0
2341 1459 0
2342 1460 0
2343 1460 0
2344 1461 0
2345 1462 0
2346 1462 0
2347 1462 0
2348 1463 0
2349 1464 0
2350 1465 0
2351 1465 0
2352 1466 0
2353 1467 0
2354 1467 0
2355 1467 0
2356 1468 0
2357 1469 0
2358 1469 0
2359 1469 0
2360 1470 0
2361 1471 0
2362 1471 0
2363 1471 0
2364 1472 0
2365 1473 0
2366 1474 0
2367 1475 0
2368 1476 0
2369 1477 0
2370 1477 0
2371 1477 0
2372 1478 0
2373 1479 0
2374 1479 0
2375 1479 0
2376 1480 0
2377 1481 0
2378 1482 0
2379 1483 0
2380 1485 0
2381 1486 0
2382 1487 0
2383 1487 0
2384 1487 0
2385 1488 0
2386 1489 0
2387 1489 0
2388 1489 0
2389 1490 0
2390 1490 0
2391 1490 0
2392 1491 0
2393 1492 0
2394 1492 0
2395 1492 0
2396 1493 0
2397 1494 0
2398 1495 0
2399 1496 0
2400 1496 0
2401 1496 0
2402 1497 0
2403 1497 0
2404 1497 0
2405 1498 0
2406 1499 0
2407 1500 0
2408 1500 0
2409 1500 0
2410 1501 0
2411 1502 0
2412 1503 0
2413 1504 0
2414 1505 0
2415 1507 0
2416 1509 0
2417 1511 0
2418 1512 0
2419 1513 0
2420 1513 0
2421 1513 0
2422 1514 0
2423 1515 0
2424 1515 0
2425 1515 0
2426 1516 0
2427 1517 0
2428 1518 0
2429 1519 0
2430 1520 0
2431 1521 0
2432 1522 0
2433 1522 0
2434 1522 0
2435 1523 0
2436 1525 0
2437 1526 0
2438 1527 0
2439 1528 0
2440 1529 0
2441 1529 0
2442 1529 0
2443 1530 0
2444 1530 0
2445 1530 0
2446 1531 0
2447 1533 0
2448 1534 0
2449 1535 0
2450 1536 0
2451 1537 0
2452 1538 0
2453 1539 0
2454 1540 0
2455 1541 0
2456 1542 0
2457 1543 0
2458 1543 0
2459 1543 0
2460 1544 0
2461 1545 0
2462 1547 0
2463 1548 0
2464 1549 0
2465 1549 0
2466 1549 0
2467 1550 0
2468 1550 0
2469 1551 0
2470 1553 0
2471 1553 0
2472 1553 0
2473 1554 0
2474 1555 0
2475 1556 0
2476 1557 0
2477 1558 0
2478 1559 0
2479 1560 0
2480 1560 0
2481 1561 0
2482 1561 0
2483 1561 0
2484 1562 0
2485 1563 0
2486 1563 0
2487 1564 0
2488 1565 0
2489 1565 0
2490 1565 0
2491 1566 0
2492 1567 0
2493 1568 0
2494 1568 0
2495 1568 0
2496 1569 0
2497 1569 0
2498 1569 0
2499 1570 0
2500 1571 0
2501 1572 0
2502 1574 0
2503 1575 0
2504 1576 0
2505 1577 0
2506 1578 0
2507 1579 0
2508 1581 0
2509 1582 0
2510 1583 0
2511 1584 0
2512 1584 0
2513 1584 0
2514 1585 0
2515 1585 0
2516 1585 0
2517 1586 0
2518 1588 0
2519 1589 0
2520 1590 0
2521 1591 0
2522 1592 0
2523 1593 0
2524 1593 0
2525 1593 0
2526 1594 0
2527 1595 0
2528 1596 0
2529 1597 0
2530 1598 0
2531 1599 0
2532 1600 0
2533 1600 0
2534 1600 0
2535 1601 0
2536 1602 0
2537 1602 0
2538 1602 0
2539 1603 0
2540 1603 0
2541 1603 0
2542 1604 0
2543 1605 0
2544 1605 0
2545 1606 0
2546 1607 0
2547 1608 0
2548 1608 0
2549 1610 0
2550 1610 0
2551 1610 0
2552 1611 0
2553 1612 0
2554 1613 0
2555 1614 0
2556 1615 0
2557 1617 0
2558 1618 0
2559 1618 0
2560 1618 0
2561 1619 0
2562 1619 0
2563 1619 0
2564 1620 0
2565 1622 0
2566 1623 0
2567 1624 0
2568 1625 0
2569 1626 0
2570 1627 0
2571 1627 0
2572 1627 0
2573 1628 0
2574 1629 0
2575 1630 0
2576 1631 0
2577 1632 0
2578 1633 0
2579 1634 0
2580 1634 0
2581 1634 0
2582 1635 0
2583 1636 0
2584 1637 0
2585 1637 0
2586 1637 0
2587 1638 0
2588 1639 0
2589 1640 0
2590 1641 0
2591 1642 0
2592 1643 0
2593 1644 0
2594 1645 0
2595 1646 0
2596 1646 0
2597 1646 0
2598 1648 0
2599 1648 0
2600 1648 0
2601 1649 0
2602 1650 0
2603 1651 0
2604 1652 0
2605 1653 0
2606 1654 0
2607 1655 0
2608 1656 0
2609 1656 0
2610 1657 0
2611 1657 0
2612 1658 0
2613 1659 0
2614 1659 0
2615 1660 0
2616 1661 0
2617 1661 0
2618 1661 0
2619 1662 0
2620 1663 0
2621 1664 0
2622 1664 0
2623 1664 0
2624 1665 0
2625 1666 0
2626 1667 0
2627 1668 0
2628 1669 0
2629 1670 0
2630 1671 0
2631 1672 0
2632 1672 0
2633 1672 0
2634 1673 0
2635 1674 0
2636 1674 0
2637 1674 0
2638 1675 0
2639 1676 0
2640 1677 0
2641 1677 0
2642 1678 0
2643 1679 0
2644 1679 0
2645 1680 0
2646 1681 0
2647 1681 0
2648 1681 0
2649 1682 0
2650 1682 0
2651 1682 0
2652 1683 0
2653 1684 0
2654 1685 0
2655 1686 0
2656 1687 0
2657 1688 0
2658 1688 0
2659 1688 0
2660 1689 0
2661 1690 0
2662 1691 0
2663 1691 0
2664 1691 0
2665 1692 0
2666 1692 0
2667 1692 0
2668 1693 0
2669 1694 0
2670 1695 0
2671 1695 0
2672 1695 0
2673 1697 0
2674 1698 0
2675 1699 0
2676 1700 0
2677 1703 0
2678 1704 0
2679 1705 0
2680 1706 0
2681 1707 0
2682 1708 0
2683 1708 0
2684 1708 0
2685 1709 0
2686 1710 0
2687 1711 0
2688 1712 0
2689 1713 0
2690 1714 0
2691 1715 0
2692 1715 0
2693 1715 0
2694 1716 0
2695 1717 0
2696 1718 0
2697 1718 0
2698 1719 0
2699 1719 0
2700 1720 0
2701 1721 0
2702 1722 0
2703 1722 0
2704 1722 0
2705 1723 0
2706 1724 0
2707 1724 0
2708 1724 0
2709 1725 0
2710 1726 0
2711 1726 0
2712 1726 0
2713 1727 0
2714 1729 0
2715 1730 0
2716 1732 0
2717 1733 0
2718 1734 0
2719 1735 0
2720 1735 0
2721 1736 0
2722 1736 0
2723 1736 0
2724 1737 0
2725 1738 0
2726 1739 0
2727 1740 0
2728 1741 0
2729 1742 0
2730 1743 0
2731 1744 0
2732 1744 0
2733 1744 0
2734 1745 0
2735 1746 0
2736 1747 0
2737 1748 0
2738 1750 0
2739 1751 0
2740 1751 0
2741 1751 0
2742 1752 0
2743 1753 0
2744 1754 0
2745 1755 0
2746 1756 0
2747 1757 0
2748 1758 0
2749 1759 0
2750 1760 0
2751 1761 0
2752 1762 0
2753 1762 0
2754 1762 0
2755 1764 0
2756 1764 0
2757 1765 0
2758 1765 0
2759 1765 0
2760 1766 0
2761 1767 0
2762 1767 0
2763 1768 0
2764 1769 0
2765 1770 0
2766 1770 0
2767 1771 0
2768 1772 0
2769 1772 0
2770 1772 0
2771 1773 0
2772 1774 0
2773 1775 0
2774 1776 0
2775 1779 0
2776 1780 0
2777 1780 0
2778 1780 0
2779 1781 0
2780 1782 0
2781 1783 0
2782 1784 0
2783 1785 0
2784 1786 0
2785 1788 0
2786 1788 0
2787 1788 0
2788 1789 0
2789 1790 0
2790 1790 0
2791 1791 0
2792 1792 0
2793 1793 0
2794 1794 0
2795 1794 0
2796 1794 0
2797 1795 0
2798 1796 0
2799 1797 0
2800 1798 0
2801 1798 0
2802 1798 0
2803 1799 0
2804 1800 0
2805 1800 0
2806 1800 0
2807 1801 0
2808 1802 0
2809 1803 0
2810 1804 0
2811 1805 0
2812 1807 0
2813 1808 0
2814 1808 0
2815 1808 0
2816 1809 0
2817 1810 0
2818 1810 0
2819 1810 0
2820 1811 0
2821 1813 0
2822 1814 0
2823 1815 0
2824 1816 0
2825 1817 0
2826 1818 0
2827 1818 0
2828 1819 0
2829 1820 0
2830 1820 0
2831 1821 0
2832 1822 0
2833 1823 0
2834 1823 0
2835 1823 0
2836 1824 0
2837 1824 0
2838 1824 0
2839 1825 0
2840 1827 0
2841 1828 0
2842 1829 0
2843 1830 0
2844 1831 0
2845 1832 0
2846 1833 0
2847 1833 0
2848 1833 0
2849 1834 0
2850 1834 0
2851 1834 0
2852 1835 0
2853 1836 0
2854 1837 0
2855 1837 0
2856 1837 0
2857 1838 0
2858 1839 0
2859 1839 0
2860 1839 0
2861 1840 0
2862 1841 0
2863 1842 0
2864 1842 0
2865 1842 0
2866 1843 0
2867 1843 0
2868 1843 0
2869 1844 0
2870 1845 0
2871 1846 0
2872 1848 0
2873 1849 0
2874 1850 0
2875 1851 0
2876 1851 0
2877 1852 0
2878 1852 0
2879 1853 0
2880 1853 0
2881 1854 0
2882 1854 0
2883 1855 0
2884 1855 0
2885 1856 0
2886 1856 0
2887 1857 0
2888 1858 0
2889 1858 0
2890 1859 0
2891 1860 0
2892 1861 0
2893 1861 0
2894 1862 0
2895 1863 0
2896 1863 0
2897 1864 0
2898 1864 0
2899 1865 0
2900 1865 0
2901 1866 0
2902 1867 0
2903 1868 0
2904 1868 0
2905 1869 0
2906 1869 0
2907 1870 0
2908 1871 0
2909 1871 0
2910 1872 0
2911 1872 0
2912 1873 0
2913 1873 0
2914 1874 0
2915 1874 0
2916 1875 0
2917 1875 0
2918 1876 0
2919 1876 0
2920 1877 0
2921 1877 0
2922 1878 0
2923 1878 0
2924 1879 0
2925 1879 0
2926 1881 0
2927 1881 0
2928 1882 0
2929 1882 0
2930 1883 0
2931 1883 0
2932 1884 0
2933 1884 0
2934 1885 0
2935 1885 0
2936 1886 0
2937 1887 0
2938 1887 0
2939 1888 0
2940 1888 0
2941 1889 0
2942 1889 0
2943 1890 0
2944 1891 0
2945 1891 0
2946 1892 0
2947 1892 0
2948 1893 0
2949 1893 0
2950 1894 0
2951 1894 0
2952 1895 0
2953 1895 0
2954 1896 0
2955 1896 0
2956 1897 0
2957 1897 0
2958 1898 0
2959 1899 0
2960 1899 0
2961 1900 0
2962 1900 0
2963 1901 0
2964 1901 0
2965 1902 0
2966 1902 0
2967 1903 0
2968 1903 0
2969 1904 0
2970 1904 0
2971 1905 0
2972 1906 0
2973 1906 0
2974 1907 0
2975 1907 0
2976 1908 0
2977 1908 0
2978 1909 0
2979 1909 0
2980 1910 0
2981 1910 0
2982 1911 0
2983 1911 0
2984 1912 0
2985 1912 0
2986 1913 0
2987 1913 0
2988 1914 0
2989 1915 0
2990 1915 0
2991 1916 0
2992 1916 0
2993 1917 0
2994 1918 0
2995 1918 0
2996 1919 0
2997 1919 0
2998 1920 0
2999 1920 0
3000 1921 0
3001 1921 0
3002 1922 0
3003 1922 0
3004 1923 0
3005 1923 0
3006 1924 0
3007 1924 0
3008 1925 0
3009 1925 0
3010 1926 0
3011 1926 0
3012 1927 0
3013 1928 0
3014 1928 0
3015 1929 0
3016 1929 0
3017 1930 0
3018 1930 0
3019 1931 0
3020 1931 0
3021 1932 0
3022 1932 0
3023 1933 0
3024 1933 0
3025 1934 0
3026 1935 0
3027 1936 0
3028 1936 0
3029 1937 0
3030 1937 0
3031 1938 0
3032 1938 0
3033 1939 0
3034 1939 0
3035 1940 0
3036 1940 0
3037 1941 0
3038 1941 0
3039 1942 0
3040 1942 0
3041 1943 0
3042 1943 0
3043 1944 0
3044 1944 0
3045 1945 0
3046 1946 0
3047 1946 0
3048 1947 0
3049 1947 0
3050 1948 0
3051 1949 0
3052 1949 0
3053 1950 0
3054 1951 0
3055 1951 0
3056 1952 0
3057 1952 0
3058 1953 0
3059 1953 0
3060 1954 0
3061 1954 0
3062 1955 0
3063 1955 0
3064 1956 0
3065 1956 0
3066 1957 0
3067 1958 0
3068 1958 0
3069 1959 0
3070 1959 0
3071 1960 0
3072 1960 0
3073 1961 0
3074 1961 0
3075 1962 0
3076 1962 0
3077 1963 0
3078 1963 0
3079 1964 0
3080 1964 0
3081 1965 0
3082 1965 0
3083 1966 0
3084 1966 0
3085 1967 0
3086 1967 0
3087 1968 0
3088 1969 0
3089 1969 0
3090 1970 0
3091 1970 0
3092 1971 0
3093 1971 0
3094 1972 0
3095 1972 0
3096 1973 0
3097 1973 0
3098 1974 0
3099 1974 0
3100 1975 0
3101 1975 0
3102 1976 0
3103 1976 0
3104 1977 0
3105 1977 0
3106 1978 0
3107 1978 0
3108 1979 0
3109 1979 0
3110 1980 0
3111 1980 0
3112 1981 0
3113 1981 0
3114 1982 0
3115 1982 0
3116 1983 0
3117 1983 0
3118 1984 0
3119 1984 0
3120 1985 0
3121 1985 0
3122 1986 0
3123 1986 0
3124 1987 0
3125 1987 0
3126 1988 0
3127 1989 0
3128 1989 0
3129 1990 0
3130 1990 0
3131 1991 0
3132 1991 0
3133 1992 0
3134 1992 0
3135 1993 0
3136 1993 0
3137 1994 0
3138 1994 0
3139 1995 0
3140 1995 0
3141 1996 0
3142 1996 0
3143 1997 0
3144 1997 0
3145 1998 0
3146 1999 0
3147 1999 0
3148 2000 0
3149 2000 0
3150 2001 0
3151 2001 0
3152 2002 0
3153 2002 0
3154 2003 0
3155 2003 0
3156 2004 0
3157 2004 0
3158 2005 0
3159 2005 0
3160 2006 0
3161 2006 0
3162 2007 0
3163 2007 0
3164 2008 0
3165 2008 0
3166 2009 0
3167 2009 0
3168 2010 0
3169 2011 0
3170 2011 0
3171 2012 0
3172 2012 0
3173 2013 0
3174 2013 0
3175 2014 0
3176 2014 0
3177 2015 0
3178 2015 0
3179 2016 0
3180 2016 0
3181 2017 0
3182 2017 0
3183 2018 0
3184 2018 0
3185 2019 0
3186 2019 0
3187 2020 0
3188 2021 0
3189 2021 0
3190 2022 0
3191 2022 0
3192 2023 0
3193 2024 0
3194 2024 0
3195 2025 0
3196 2025 0
3197 2026 0
3198 2026 0
3199 2027 0
3200 2028 0
3201 2028 0
3202 2029 0
3203 2029 0
3204 2030 0
3205 2030 0
3206 2031 0
3207 2031 0
3208 2032 0
3209 2032 0
3210 2033 0
3211 2034 0
3212 2034 0
3213 2035 0
3214 2035 0
3215 2036 0
3216 2036 0
3217 2037 0
3218 2037 0
3219 2038 0
3220 2038 0
3221 2039 0
3222 2040 0
3223 2040 0
3224 2041 0
3225 2041 0
3226 2042 0
3227 2042 0
3228 2043 0
3229 2043 0
3230 2044 0
3231 2044 0
3232 2045 0
3233 2045 0
3234 2046 0
3235 2046 0
3236 2047 0
3237 2047 0
3238 2048 0
3239 2048 0
3240 2049 0
3241 2050 0
3242 2050 0
3243 2051 0
3244 2052 0
3245 2052 0
3246 2053 0
3247 2053 0
3248 2054 0
3249 2054 0
3250 2055 0
3251 2055 0
3252 2056 0
3253 2056 0
3254 2057 0
3255 2057 0
3256 2059 0
3257 2060 0
3258 2060 0
3259 2061 0
3260 2061 0
3261 2062 0
3262 2063 0
3263 2064 0
3264 2064 0
3265 2065 0
3266 2065 0
3267 2066 0
3268 2066 0
3269 2067 0
3270 2067 0
3271 2068 0
3272 2068 0
3273 2069 0
3274 2069 0
3275 2070 0
3276 2070 0
3277 2071 0
3278 2071 0
3279 2072 0
3280 2072 0
3281 2073 0
3282 2073 0
3283 2074 0
3284 2074 0
3285 2075 0
3286 2075 0
3287 2076 0
3288 2076 0
3289 2077 0
3290 2077 0
3291 2078 0
3292 2078 0
3293 2079 0
3294 2079 0
3295 2080 0
3296 2080 0
3297 2081 0
3298 2081 0
3299 2082 0
3300 2082 0
3301 2083 0
3302 2083 0
3303 2084 0
3304 2084 0
3305 2085 0
3306 2085 0
3307 2086 0
3308 2087 0
3309 2087 0
3310 2088 0
3311 2088 0
3312 2089 0
3313 2089 0
3314 2090 0
3315 2090 0
3316 2091 0
3317 2091 0
3318 2092 0
3319 2092 0
3320 2093 0
3321 2093 0
3322 2094 0
3323 2094 0
3324 2095 0
3325 2095 0
3326 2096 0
3327 2096 0
3328 2097 0
3329 2097 0
3330 2098 0
3331 2099 0
3332 2100 0
3333 2100 0
3334 2101 0
3335 2101 0
3336 2102 0
3337 2102 0
3338 2103 0
3339 2103 0
3340 2104 0
3341 2104 0
3342 2105 0
3343 2105 0
3344 2106 0
3345 2107 0
3346 2107 0
3347 2108 0
3348 2108 0
3349 2109 0
3350 2109 0
3351 2110 0
3352 2110 0
3353 2111 0
3354 2111 0
3355 2112 0
3356 2112 0
3357 2113 0
3358 2113 0
3359 2114 0
3360 2114 0
3361 2115 0
3362 2115 0
3363 2116 0
3364 2116 0
3365 2117 0
3366 2117 0
3367 2118 0
3368 2118 0
3369 2119 0
3370 2119 0
3371 2120 0
3372 2120 0
3373 2121 0
3374 2121 0
3375 2122 0
3376 2122 0
3377 2123 0
3378 2123 0
3379 2124 0
3380 2124 0
3381 2125 0
3382 2126 0
3383 2126 0
3384 2127 0
3385 2128 0
3386 2128 0
3387 2129 0
3388 2129 0
3389 2130 0
3390 2130 0
3391 2131 0
3392 2131 0
3393 2132 0
3394 2132 0
3395 2133 0
3396 2133 0
3397 2134 0
3398 2134 0
3399 2135 0
3400 2135 0
3401 2136 0
3402 2136 0
3403 2137 0
3404 2138 0
3405 2138 0
3406 2139 0
3407 2139 0
3408 2140 0
3409 2140 0
3410 2141 0
3411 2142 0
3412 2142 0
3413 2143 0
3414 2143 0
3415 2144 0
3416 2144 0
3417 2145 0
3418 2145 0
3419 2146 0
3420 2146 0
3421 2147 0
3422 2148 0
3423 2148 0
3424 2149 0
3425 2149 0
3426 2150 0
3427 2150 0
3428 2151 0
3429 2152 0
3430 2152 0
3431 2153 0
3432 2153 0
3433 2154 0
3434 2154 0
3435 2155 0
3436 2155 0
3437 2156 0
3438 2156 0
3439 2157 0
3440 2157 0
3441 2158 0
3442 2159 0
3443 2159 0
3444 2160 0
3445 2160 0
3446 2161 0
3447 2161 0
3448 2162 0
3449 2162 0
3450 2163 0
3451 2163 0
3452 2164 0
3453 2164 0
3454 2165 0
3455 2165 0
3456 2166 0
3457 2166 0
3458 2167 0
3459 2167 0
3460 2168 0
3461 2168 0
3462 2169 0
3463 2169 0
3464 2170 0
3465 2170 0
3466 2171 0
3467 2172 0
3468 2172 0
3469 2173 0
3470 2173 0
3471 2174 0
3472 2174 0
3473 2175 0
3474 2175 0
3475 2176 0
3476 2176 0
3477 2177 0
3478 2177 0
3479 2178 0
3480 2178 0
3481 2179 0
3482 2179 0
3483 2180 0
3484 2181 0
3485 2181 0
3486 2182 0
3487 2182 0
3488 2183 0
3489 2183 0
3490 2184 0
3491 2184 0
3492 2185 0
3493 2186 0
3494 2187 0
3495 2187 0
3496 2188 0
3497 2188 0
3498 2189 0
3499 2189 0
3500 2190 0
3501 2190 0
3502 2191 0
3503 2191 0
3504 2192 0
3505 2192 0
3506 2193 0
3507 2194 0
3508 2194 0
3509 2195 0
3510 2195 0
3511 2196 0
3512 2196 0
3513 2197 0
3514 2197 0
3515 2198 0
3516 2198 0
3517 2199 0
3518 2199 0
3519 2200 0
3520 2200 0
3521 2201 0
3522 2201 0
3523 2202 0
3524 2203 0
3525 2203 0
3526 2204 0
3527 2204 0
3528 2205 0
3529 2205 0
3530 2206 0
3531 2207 0
3532 2207 0
3533 2208 0
3534 2208 0
3535 2209 0
3536 2209 0
3537 2210 0
3538 2210 0
3539 2211 0
3540 2211 0
3541 2212 0
3542 2212 0
3543 2213 0
3544 2213 0
3545 2214 0
3546 2214 0
3547 2215 0
3548 2215 0
3549 2216 0
3550 2216 0
3551 2217 0
3552 2217 0
3553 2218 0
3554 2218 0
3555 2219 0
3556 2219 0
3557 2220 0
3558 2220 0
3559 2221 0
3560 2221 0
3561 2222 0
3562 2223 0
3563 2223 0
3564 2224 0
3565 2224 0
3566 2225 0
3567 2225 0
3568 2226 0
3569 2226 0
3570 2227 0
3571 2228 0
3572 2228 0
3573 2229 0
3574 2229 0
3575 2230 0
3576 2230 0
3577 2231 0
3578 2232 0
3579 2232 0
3580 2233 0
3581 2233 0
3582 2234 0
3583 2234 0
3584 2235 0
3585 2235 0
3586 2236 0
3587 2236 0
3588 2237 0
3589 2237 0
3590 2238 0
3591 2239 0
3592 2239 0
3593 2240 0
3594 2241 0
3595 2241 0
3596 2242 0
3597 2242 0
3598 2243 0
3599 2244 0
3600 2244 0
3601 2245 0
3602 2245 0
3603 2246 0
3604 2246 0
3605 2247 0
3606 2247 0
3607 2248 0
3608 2248 0
3609 2249 0
3610 2249 0
3611 2250 0
3612 2250 0
3613 2251 0
3614 2251 0
3615 2252 0
3616 2252 0
3617 2253 0
3618 2253 0
3619 2254 0
3620 2254 0
3621 2255 0
3622 2256 0
3623 2256 0
3624 2257 0
3625 2257 0
3626 2258 0
3627 2258 0
3628 2259 0
3629 2259 0
3630 2260 0
3631 2260 0
3632 2261 0
3633 2261 0
3634 2262 0
3635 2262 0
3636 2263 0
3637 2264 0
3638 2264 0
3639 2265 0
3640 2265 0
3641 2266 0
3642 2266 0
3643 2267 0
3644 2267 0
3645 2268 0
3646 2268 0
3647 2269 0
3648 2269 0
3649 2270 0
3650 2270 0
3651 2271 0
3652 2271 0
3653 2272 0
3654 2273 0
3655 2273 0
3656 2274 0
3657 2274 0
3658 2275 0
3659 2275 0
3660 2276 0
3661 2276 0
3662 2277 0
3663 2277 0
3664 2278 0
3665 2278 0
3666 2279 0
3667 2279 0
3668 2280 0
3669 2280 0
3670 2281 0
3671 2282 0
3672 2282 0
3673 2283 0
3674 2283 0
3675 2284 0
3676 2285 0
3677 2285 0
3678 2286 0
3679 2286 0
3680 2287 0
3681 2288 0
3682 2288 0
3683 2289 0
3684 2289 0
3685 2290 0
3686 2292 0
3687 2292 0
3688 2293 0
3689 2294 0
3690 2294 0
3691 2295 0
3692 2295 0
3693 2296 0
3694 2296 0
3695 2297 0
3696 2297 0
3697 2298 0
3698 2298 0
3699 2299 0
3700 2299 0
3701 2300 0
3702 2300 0
3703 2301 0
3704 2301 0
3705 2302 0
3706 2302 0
3707 2303 0
3708 2303 0
3709 2304 0
3710 2304 0
3711 2305 0
3712 2305 0
3713 2306 0
3714 2306 0
3715 2307 0
3716 2307 0
3717 2308 0
3718 2308 0
3719 2309 0
3720 2309 0
3721 2310 0
3722 2310 0
3723 2311 0
3724 2311 0
3725 2312 0
3726 2312 0
3727 2313 0
3728 2313 0
3729 2314 0
3730 2314 0
3731 2315 0
3732 2315 0
3733 2316 0
3734 2316 0
3735 2317 0
3736 2317 0
3737 2318 0
3738 2318 0
3739 2319 0
3740 2319 0
3741 2320 0
3742 2321 0
3743 2321 0
3744 2322 0
3745 2322 0
3746 2323 0
3747 2323 0
3748 2324 0
3749 2325 0
3750 2325 0
3751 2326 0
3752 2327 0
3753 2327 0
3754 2328 0
3755 2328 0
3756 2329 0
3757 2329 0
3758 2330 0
3759 2330 0
3760 2331 0
3761 2331 0
3762 2332 0
3763 2332 0
3764 2333 0
3765 2333 0
3766 2334 0
3767 2334 0
3768 2335 0
3769 2336 0
3770 2337 0
3771 2337 0
3772 2338 0
3773 2338 0
3774 2339 0
3775 2339 0
3776 2340 0
3777 2340 0
3778 2341 0
3779 2341 0
3780 2342 0
3781 2342 0
3782 2343 0
3783 2343 0
3784 2344 0
3785 2344 0
3786 2345 0
3787 2346 0
3788 2346 0
3789 2347 0
3790 2347 0
3791 2348 0
3792 2348 0
3793 2349 0
3794 2349 0
3795 2350 0
3796 2351 0
3797 2351 0
3798 2352 0
3799 2352 0
3800 2353 0
3801 2353 0
3802 2354 0
3803 2354 0
3804 2355 0
3805 2355 0
3806 2356 0
3807 2356 0
3808 2357 0
3809 2357 0
3810 2358 0
3811 2358 0
3812 2359 0
3813 2360 0
3814 2360 0
3815 2361 0
3816 2361 0
3817 2362 0
3818 2362 0
3819 2363 0
3820 2363 0
3821 2364 0
3822 2364 0
3823 2365 0
3824 2365 0
3825 2366 0
3826 2366 0
3827 2367 0
3828 2368 0
3829 2368 0
3830 2369 0
3831 2369 0
3832 2370 0
3833 2370 0
3834 2371 0
3835 2371 0
3836 2372 0
3837 2372 0
3838 2373 0
3839 2374 0
3840 2374 0
3841 2375 0
3842 2375 0
3843 2376 0
3844 2376 0
3845 2377 0
3846 2377 0
3847 2378 0
3848 2379 0
3849 2379 0
3850 2380 0
3851 2380 0
3852 2381 0
3853 2381 0
3854 2382 0
3855 2382 0
3856 2383 0
3857 2383 0
3858 2384 0
3859 2384 0
3860 2385 0
3861 2385 0
3862 2386 0
3863 2386 0
3864 2387 0
3865 2387 0
3866 2388 0
3867 2388 0
3868 2389 0
3869 2389 0
3870 2390 0
3871 2390 0
3872 2391 0
3873 2392 0
3874 2392 0
3875 2393 0
3876 2394 0
3877 2394 0
3878 2395 0
3879 2395 0
3880 2396 0
3881 2396 0
3882 2397 0
3883 2397 0
3884 2398 0
3885 2398 0
3886 2399 0
3887 2399 0
3888 2400 0
3889 2401 0
3890 2402 0
3891 2402 0
3892 2403 0
3893 2403 0
3894 2404 0
3895 2405 0
3896 2405 0
3897 2406 0
3898 2406 0
3899 2407 0
3900 2407 0
3901 2408 0
3902 2408 0
3903 2409 0
3904 2409 0
3905 2410 0
3906 2410 0
3907 2411 0
3908 2411 0
3909 2412 0
3910 2412 0
3911 2413 0
3912 2413 0
3913 2414 0
3914 2414 0
3915 2415 0
3916 2415 0
3917 2416 0
3918 2416 0
3919 2417 0
3920 2417 0
3921 2418 0
3922 2418 0
3923 2419 0
3924 2419 0
3925 2420 0
3926 2420 0
3927 2421 0
3928 2421 0
3929 2422 0
3930 2422 0
3931 2423 0
3932 2423 0
3933 2424 0
3934 2424 0
3935 2425 0
3936 2425 0
3937 2426 0
3938 2426 0
3939 2427 0
3940 2427 0
3941 2428 0
3942 2429 0
3943 2429 0
3944 2430 0
3945 2430 0
3946 2431 0
3947 2431 0
3948 2432 0
3949 2432 0
3950 2433 0
3951 2433 0
3952 2434 0
3953 2434 0
3954 2435 0
3955 2435 0
3956 2436 0
3957 2437 0
3958 2437 0
3959 2438 0
3960 2438 0
3961 2439 0
3962 2439 0
3963 2440 0
3964 2440 0
3965 2441 0
3966 2442 0
3967 2442 0
3968 2443 0
3969 2443 0
3970 2444 0
3971 2444 0
3972 2445 0
3973 2445 0
3974 2446 0
3975 2446 0
3976 2447 0
3977 2447 0
3978 2448 0
3979 2448 0
3980 2449 0
3981 2449 0
3982 2450 0
3983 2450 0
3984 2451 0
3985 2452 0
3986 2452 0
3987 2453 0
3988 2453 0
3989 2454 0
3990 2454 0
3991 2455 0
3992 2455 0
3993 2456 0
3994 2457 0
3995 2457 0
3996 2458 0
3997 2458 0
3998 2459 0
3999 2459 0
4000 2460 0
4001 2460 0
4002 2461 0
4003 2461 0
4004 2462 0
4005 2462 0
4006 2463 0
4007 2463 0
4008 2464 0
4009 2464 0
4010 2465 0
4011 2465 0
4012 2466 0
4013 2466 0
4014 2467 0
4015 2467 0
4016 2468 0
4017 2468 0
4018 2469 0
4019 2469 0
4020 2470 0
4021 2470 0
4022 2471 0
4023 2471 0
4024 2472 0
4025 2472 0
4026 2473 0
4027 2474 0
4028 2475 0
4029 2476 0
4030 2476 0
4031 2477 0
4032 2477 0
4033 2478 0
4034 2478 0
4035 2479 0
4036 2479 0
4037 2480 0
4038 2480 0
4039 2481 0
4040 2481 0
4041 2482 0
4042 2482 0
4043 2483 0
4044 2483 0
4045 2484 0
4046 2484 0
4047 2485 0
4048 2486 0
4049 2486 0
4050 2487 0
4051 2487 0
4052 2488 0
4053 2488 0
4054 2489 0
4055 2490 0
4056 2490 0
4057 2491 0
4058 2491 0
4059 2492 0
4060 2492 0
4061 2493 0
4062 2493 0
4063 2494 0
4064 2494 0
4065 2496 0
4066 2496 0
4067 2497 0
4068 2497 0
4069 2498 0
4070 2498 0
4071 2499 0
4072 2499 0
4073 2500 0
4074 2500 0
4075 2501 0
4076 2501 0
4077 2502 0
4078 2502 0
4079 2503 0
4080 2503 0
4081 2504 0
4082 2504 0
4083 2505 0
4084 2505 0
4085 2506 0
4086 2507 0
4087 2507 0
4088 2508 0
4089 2508 0
4090 2509 0
4091 2509 0
4092 2510 0
4093 2510 0
4094 2511 0
4095 2511 0
4096 2512 0
4097 2512 0
4098 2513 0
4099 2513 0
4100 2514 0
4101 2514 0
4102 2515 0
4103 2515 0
4104 2516 0
4105 2516 0
4106 2517 0
4107 2517 0
4108 2518 0
4109 2519 0
4110 2519 0
4111 2520 0
4112 2520 0
4113 2521 0
4114 2521 0
4115 2522 0
4116 2522 0
4117 2523 0
4118 2523 0
4119 2524 0
4120 2524 0
4121 2525 0
4122 2525 0
4123 2526 0
4124 2526 0
4125 2527 0
4126 2528 0
4127 2529 0
4128 2529 0
4129 2530 0
4130 2530 0
4131 2531 0
4132 2531 0
4133 2532 0
4134 2532 0
4135 2533 0
4136 2533 0
4137 2534 0
4138 2534 0
4139 2535 0
4140 2535 0
4141 2536 0
4142 2536 0
4143 2537 0
4144 2537 0
4145 2538 0
4146 2538 0
4147 2539 0
4148 2540 0
4149 2540 0
4150 2541 0
4151 2541 0
4152 2542 0
4153 2542 0
4154 2543 0
4155 2543 0
4156 2544 0
4157 2544 0
4158 2545 0
4159 2545 0
4160 2546 0
4161 2546 0
4162 2547 0
4163 2547 0
4164 2548 0
4165 2549 0
4166 2549 0
4167 2550 0
4168 2550 0
4169 2551 0
4170 2552 0
4171 2552 0
4172 2553 0
4173 2553 0
4174 2554 0
4175 2554 0
4176 2555 0
4177 2555 0
4178 2556 0
4179 2556 0
4180 2557 0
4181 2557 0
4182 2558 0
4183 2558 0
4184 2559 0
4185 2559 0
4186 2560 0
4187 2560 0
4188 2561 0
4189 2561 0
4190 2562 0
4191 2562 0
4192 2563 0
4193 2563 0
4194 2564 0
4195 2564 0
4196 2565 0
4197 2565 0
4198 2566 0
4199 2566 0
4200 2567 0
4201 2568 0
4202 2568 0
4203 2569 0
4204 2569 0
4205 2570 0
4206 2570 0
4207 2571 0
4208 2571 0
4209 2572 0
4210 2573 0
4211 2573 0
4212 2574 0
4213 2574 0
4214 2575 0
4215 2575 0
4216 2576 0
4217 2577 0
4218 2577 0
4219 2578 0
4220 2578 0
4221 2579 0
4222 2579 0
4223 2580 0
4224 2580 0
4225 2581 0
4226 2581 0
4227 2582 0
4228 2582 0
4229 2583 0
4230 2583 0
4231 2584 0
4232 2584 0
4233 2585 0
4234 2585 0
4235 2586 0
4236 2586 0
4237 2587 0
4238 2587 0
4239 2588 0
4240 2588 0
4241 2589 0
4242 2590 0
4243 2590 0
4244 2591 0
4245 2592 0
4246 2592 0
4247 2593 0
4248 2593 0
4249 2594 0
4250 2594 0
4251 2595 0
4252 2595 0
4253 2596 0
4254 2596 0
4255 2597 0
4256 2598 0
4257 2598 0
4258 2599 0
4259 2599 0
4260 2600 0
4261 2600 0
4262 2601 0
4263 2601 0
4264 2602 0
4265 2602 0
4266 2603 0
4267 2603 0
4268 2604 0
4269 2604 0
4270 2605 0
4271 2606 0
4272 2606 0
4273 2607 0
4274 2607 0
4275 2608 0
4276 2608 0
4277 2609 0
4278 2609 0
4279 2610 0
4280 2610 0
4281 2611 0
4282 2611 0
4283 2612 0
4284 2612 0
4285 2613 0
4286 2614 0
4287 2614 0
4288 2615 0
4289 2615 0
4290 2616 0
4291 2616 0
4292 2617 0
4293 2617 0
4294 2618 0
4295 2619 0
4296 2619 0
4297 2620 0
4298 2620 0
4299 2621 0
4300 2621 0
4301 2622 0
4302 2623 0
4303 2623 0
4304 2624 0
4305 2624 0
4306 2625 0
4307 2625 0
4308 2626 0
4309 2626 0
4310 2627 0
4311 2628 0
4312 2628 0
4313 2629 0
4314 2629 0
4315 2630 0
4316 2630 0
4317 2631 0
4318 2631 0
4319 2632 0
4320 2632 0
4321 2633 0
4322 2633 0
4323 2634 0
4324 2634 0
4325 2635 0
4326 2635 0
4327 2636 0
4328 2636 0
4329 2637 0
4330 2637 0
4331 2638 0
4332 2638 0
4333 2639 0
4334 2639 0
4335 2640 0
4336 2640 0
4337 2641 0
4338 2641 0
4339 2642 0
4340 2642 0
4341 2643 0
4342 2643 0
4343 2644 0
4344 2644 0
4345 2645 0
4346 2645 0
4347 2646 0
4348 2646 0
4349 2647 0
4350 2647 0
4351 2648 0
4352 2649 0
4353 2649 0
4354 2650 0
4355 2651 0
4356 2652 0
4357 2652 0
4358 2653 0
4359 2653 0
4360 2654 0
4361 2654 0
4362 2655 0
4363 2655 0
4364 2656 0
4365 2656 0
4366 2657 0
4367 2657 0
4368 2658 0
4369 2658 0
4370 2659 0
4371 2659 0
4372 2660 0
4373 2660 0
4374 2661 0
4375 2661 0
4376 2662 0
4377 2662 0
4378 2663 0
4379 2663 0
4380 2664 0
4381 2664 0
4382 2665 0
4383 2666 0
4384 2666 0
4385 2667 0
4386 2667 0
4387 2668 0
4388 2668 0
4389 2669 0
4390 2669 0
4391 2670 0
4392 2670 0
4393 2671 0
4394 2671 0
4395 2672 0
4396 2673 0
4397 2673 0
4398 2674 0
4399 2675 0
4400 2675 0
4401 2676 0
4402 2676 0
4403 2677 0
4404 2678 0
4405 2679 0
4406 2679 0
4407 2680 0
4408 2680 0
4409 2681 0
4410 2681 0
4411 2682 0
4412 2682 0
4413 2683 0
4414 2683 0
4415 2684 0
4416 2684 0
4417 2685 0
4418 2686 0
4419 2686 0
4420 2687 0
4421 2687 0
4422 2688 0
4423 2688 0
4424 2689 0
4425 2689 0
4426 2690 0
4427 2690 0
4428 2691 0
4429 2691 0
4430 2692 0
4431 2692 0
4432 2693 0
4433 2693 0
4434 2694 0
4435 2694 0
4436 2695 0
4437 2695 0
4438 2696 0
4439 2696 0
4440 2697 0
4441 2697 0
4442 2698 0
4443 2699 0
4444 2699 0
4445 2700 0
4446 2700 0
4447 2701 0
4448 2701 0
4449 2702 0
4450 2702 0
4451 2703 0
4452 2703 0
4453 2704 0
4454 2704 0
4455 2705 0
4456 2705 0
4457 2706 0
4458 2706 0
4459 2707 0
4460 2707 0
4461 2708 0
4462 2709 0
4463 2709 0
4464 2710 0
4465 2710 0
4466 2711 0
4467 2711 0
4468 2712 0
4469 2712 0
4470 2713 0
4471 2713 0
4472 2714 0
4473 2715 0
4474 2715 0
4475 2716 0
4476 2716 0
4477 2717 0
4478 2717 0
4479 2718 0
4480 2718 0
4481 2719 0
4482 2719 0
4483 2720 0
4484 2720 0
4485 2721 0
4486 2721 0
4487 2722 0
4488 2722 0
4489 2723 0
4490 2723 0
4491 2724 0
4492 2724 0
4493 2725 0
4494 2725 0
4495 2726 0
4496 2727 0
4497 2727 0
4498 2728 0
4499 2728 0
4500 2729 0
4501 2729 0
4502 2730 0
4503 2730 0
4504 2731 0
4505 2731 0
4506 2732 0
4507 2732 0
4508 2733 0
4509 2733 0
4510 2734 0
4511 2734 0
4512 2735 0
4513 2736 0
4514 2736 0
4515 2737 0
4516 2737 0
4517 2738 0
4518 2739 0
4519 2739 0
4520 2740 0
4521 2740 0
4522 2741 0
4523 2741 0
4524 2742 0
4525 2742 0
4526 2743 0
4527 2744 0
4528 2745 0
4529 2745 0
4530 2746 0
4531 2746 0
4532 2747 0
4533 2748 0
4534 2749 0
4535 2749 0
4536 2750 0
4537 2750 0
4538 2751 0
4539 2751 0
4540 2752 0
4541 2752 0
4542 2753 0
4543 2753 0
4544 2754 0
4545 2754 0
4546 2755 0
4547 2755 0
4548 2756 0
4549 2756 0
4550 2757 0
4551 2758 0
4552 2758 0
4553 2759 0
4554 2759 0
4555 2760 0
4556 2760 0
4557 2761 0
4558 2761 0
4559 2762 0
4560 2762 0
4561 2763 0
4562 2763 0
4563 2764 0
4564 2764 0
4565 2765 0
4566 2765 0
4567 2766 0
4568 2767 0
4569 2767 0
4570 2768 0
4571 2768 0
4572 2769 0
4573 2769 0
4574 2770 0
4575 2771 0
4576 2771 0
4577 2772 0
4578 2772 0
4579 2773 0
4580 2773 0
4581 2774 0
4582 2774 0
4583 2775 0
4584 2775 0
4585 2776 0
4586 2776 0
4587 2777 0
4588 2778 0
4589 2778 0
4590 2779 0
4591 2779 0
4592 2780 0
4593 2780 0
4594 2781 0
4595 2781 0
4596 2782 0
4597 2783 0
4598 2783 0
4599 2784 0
4600 2784 0
4601 2785 0
4602 2785 0
4603 2786 0
4604 2786 0
4605 2787 0
4606 2787 0
4607 2788 0
4608 2788 0
4609 2789 0
4610 2789 0
4611 2790 0
4612 2790 0
4613 2791 0
4614 2791 0
4615 2792 0
4616 2792 0
4617 2793 0
4618 2793 0
4619 2794 0
4620 2794 0
4621 2795 0
4622 2795 0
4623 2796 0
4624 2797 0
4625 2798 0
4626 2798 0
4627 2799 0
4628 2799 0
4629 2800 0
4630 2801 0
4631 2801 0
4632 2802 0
4633 2802 0
4634 2803 0
4635 2803 0
4636 2804 0
4637 2804 0
4638 2805 0
4639 2805 0
4640 2806 0
4641 2807 0
4642 2807 0
4643 2808 0
4644 2808 0
4645 2809 0
4646 2809 0
4647 2810 0
4648 2811 0
4649 2811 0
4650 2812 0
4651 2812 0
4652 2813 0
4653 2813 0
4654 2814 0
4655 2814 0
4656 2815 0
4657 2815 0
4658 2816 0
4659 2816 0
4660 2817 0
4661 2817 0
4662 2818 0
4663 2818 0
4664 2819 0
4665 2819 0
4666 2820 0
4667 2820 0
4668 2821 0
4669 2821 0
4670 2822 0
4671 2822 0
4672 2823 0
4673 2824 0
4674 2824 0
4675 2825 0
4676 2825 0
4677 2826 0
4678 2826 0
4679 2827 0
4680 2827 0
4681 2828 0
4682 2828 0
4683 2829 0
4684 2829 0
4685 2830 0
4686 2830 0
4687 2831 0
4688 2831 0
4689 2832 0
4690 2832 0
4691 2833 0
4692 2833 0
4693 2834 0
4694 2835 0
4695 2836 0
4696 2836 0
4697 2837 0
4698 2837 0
4699 2838 0
4700 2838 0
4701 2839 0
4702 2839 0
4703 2840 0
4704 2840 0
4705 2841 0
4706 2841 0
4707 2842 0
4708 2842 0
4709 2843 0
4710 2843 0
4711 2844 0
4712 2844 0
4713 2845 0
4714 2845 0
4715 2846 0
4716 2846 0
4717 2847 0
4718 2847 0
4719 2848 0
4720 2848 0
4721 2849 0
4722 2849 0
4723 2850 0
4724 2850 0
4725 2851 0
4726 2852 0
4727 2852 0
4728 2853 0
4729 2853 0
4730 2854 0
4731 2854 0
4732 2855 0
4733 2855 0
4734 2856 0
4735 2856 0
4736 2857 0
4737 2857 0
4738 2858 0
4739 2858 0
4740 2859 0
4741 2860 0
4742 2861 0
4743 2862 0
4744 2862 0
4745 2863 0
4746 2863 0
4747 2864 0
4748 2864 0
4749 2865 0
4750 2866 0
4751 2866 0
4752 2867 0
4753 2867 0
4754 2868 0
4755 2868 0
4756 2869 0
4757 2869 0
4758 2870 0
4759 2870 0
4760 2871 0
4761 2871 0
4762 2872 0
4763 2872 0
4764 2873 0
4765 2873 0
4766 2874 0
4767 2874 0
4768 2875 0
4769 2875 0
4770 2875 0
4771 2876 0
4772 2878 0
4773 2879 0
4774 2880 0
4775 2881 0
4776 2882 0
4777 2883 0
4778 2885 0
4779 2886 0
4780 2887 0
4781 2888 0
4782 2888 0
4783 2888 0
4784 2889 0
4785 2890 0
4786 2891 0
4787 2892 0
4788 2893 0
4789 2894 0
4790 2895 0
4791 2896 0
4792 2896 0
4793 2896 0
4794 2897 0
4795 2898 0
4796 2898 0
4797 2898 0
4798 2899 0
4799 2900 0
4800 2901 0
4801 2902 0
4802 2903 0
4803 2904 0
4804 2905 0
4805 2906 0
4806 2907 0
4807 2908 0
4808 2909 0
4809 2909 0
4810 2909 0
4811 2910 0
4812 2911 0
4813 2911 0
4814 2911 0
4815 2912 0
4816 2913 0
4817 2914 0
4818 2915 0
4819 2916 0
4820 2918 0
4821 2919 0
4822 2919 0
4823 2920 0
4824 2920 0
4825 2921 0
4826 2922 0
4827 2922 0
4828 2923 0
4829 2924 0
4830 2924 0
4831 2924 0
4832 2925 0
4833 2926 0
4834 2927 0
4835 2928 0
4836 2930 0
4837 2931 0
4838 2932 0
4839 2933 0
4840 2933 0
4841 2933 0
4842 2934 0
4843 2935 0
4844 2935 0
4845 2935 0
4846 2936 0
4847 2937 0
4848 2938 0
4849 2939 0
4850 2940 0
4851 2940 0
4852 2940 0
4853 2941 0
4854 2942 0
4855 2943 0
4856 2944 0
4857 2946 0
4858 2947 0
4859 2947 0
4860 2947 0
4861 2948 0
4862 2949 0
4863 2950 0
4864 2951 0
4865 2952 0
4866 2953 0
4867 2954 0
4868 2954 0
4869 2954 0
4870 2956 0
4871 2957 0
4872 2957 0
4873 2958 0
4874 2959 0
4875 2960 0
4876 2961 0
4877 2961 0
4878 2961 0
4879 2962 0
4880 2963 0
4881 2964 0
4882 2964 0
4883 2964 0
4884 2965 0
4885 2966 0
4886 2967 0
4887 2968 0
4888 2969 0
4889 2970 0
4890 2971 0
4891 2972 0
4892 2972 0
4893 2973 0
4894 2974 0
4895 2974 0
4896 2975 0
4897 2976 0
4898 2977 0
4899 2977 0
4900 2977 0
4901 2978 0
4902 2978 0
4903 2978 0
4904 2979 0
4905 2980 0
4906 2981 0
4907 2982 0
4908 2983 0
4909 2984 0
4910 2985 0
4911 2986 0
4912 2986 0
4913 2987 0
4914 2988 0
4915 2989 0
4916 2990 0
4917 2990 0
4918 2990 0
4919 2991 0
4920 2991 0
4921 2991 0
4922 2992 0
4923 2993 0
4924 2994 0
4925 2994 0
4926 2994 0
4927 2995 0
4928 2996 0
4929 2996 0
4930 2996 0
4931 2997 0
4932 2998 0
4933 2999 0
4934 2999 0
4935 2999 0
4936 3000 0
4937 3000 0
4938 3000 0
4939 3001 0
4940 3002 0
4941 3003 0
4942 3005 0
4943 3006 0
4944 3007 0
4945 3008 0
4946 3008 0
4947 3008 0
4948 3009 0
4949 3010 0
4950 3011 0
4951 3012 0
4952 3013 0
4953 3014 0
4954 3015 0
4955 3016 0
4956 3016 0
4957 3016 0
4958 3017 0
4959 3019 0
4960 3020 0
4961 3020 0
4962 3020 0
4963 3021 0
4964 3022 0
4965 3023 0
4966 3024 0
4967 3025 0
4968 3026 0
4969 3027 0
4970 3028 0
4971 3028 0
4972 3028 0
4973 3029 0
4974 3030 0
4975 3030 0
4976 3030 0
4977 3031 0
4978 3031 0
4979 3031 0
4980 3032 0
4981 3033 0
4982 3033 0
4983 3034 0
4984 3035 0
4985 3036 0
4986 3036 0
4987 3037 0
4988 3038 0
4989 3038 0
4990 3038 0
4991 3039 0
4992 3040 0
4993 3041 0
4994 3042 0
4995 3043 0
4996 3045 0
4997 3045 0
4998 3045 0
4999 3046 0
5000 3046 0
5001 3046 0
5002 3047 0
5003 3049 0
5004 3050 0
5005 3051 0
5006 3052 0
5007 3053 0
5008 3054 0
5009 3055 0
5010 3056 0
5011 3057 0
5012 3058 0
5013 3058 0
5014 3058 0
5015 3059 0
5016 3060 0
5017 3061 0
5018 3061 0
5019 3061 0
5020 3062 0
5021 3063 0
5022 3064 0
5023 3065 0
5024 3066 0
5025 3067 0
5026 3068 0
5027 3068 0
5028 3068 0
5029 3069 0
5030 3070 0
5031 3070 0
5032 3070 0
5033 3071 0
5034 3072 0
5035 3073 0
5036 3074 0
5037 3075 0
5038 3076 0
5039 3077 0
5040 3078 0
5041 3078 0
5042 3079 0
5043 3079 0
5044 3081 0
5045 3081 0
5046 3082 0
5047 3083 0
5048 3083 0
5049 3083 0
5050 3084 0
5051 3085 0
5052 3086 0
5053 3086 0
5054 3086 0
5055 3087 0
5056 3088 0
5057 3088 0
5058 3088 0
5059 3089 0
5060 3090 0
5061 3091 0
5062 3091 0
5063 3091 0
5064 3092 0
5065 3093 0
5066 3093 0
5067 3093 0
5068 3094 0
5069 3095 0
5070 3095 0
5071 3095 0
5072 3096 0
5073 3096 0
5074 3096 0
5075 3097 0
5076 3098 0
5077 3100 0
5078 3101 0
5079 3102 0
5080 3103 0
5081 3104 0
5082 3104 0
5083 3104 0
5084 3105 0
5085 3106 0
5086 3106 0
5087 3106 0
5088 3107 0
5089 3108 0
5090 3109 0
5091 3110 0
5092 3111 0
5093 3112 0
5094 3113 0
5095 3113 0
5096 3113 0
5097 3114 0
5098 3115 0
5099 3117 0
5100 3118 0
5101 3120 0
5102 3121 0
5103 3121 0
5104 3121 0
5105 3122 0
5106 3123 0
5107 3125 0
5108 3126 0
5109 3127 0
5110 3128 0
5111 3128 0
5112 3128 0
5113 3129 0
5114 3129 0
5115 3129 0
5116 3130 0
5117 3131 0
5118 3132 0
5119 3133 0
5120 3134 0
5121 3135 0
5122 3136 0
5123 3137 0
5124 3137 0
5125 3138 0
5126 3139 0
5127 3139 0
5128 3139 0
5129 3140 0
5130 3141 0
5131 3142 0
5132 3142 0
5133 3142 0
5134 3143 0
5135 3144 0
5136 3144 0
5137 3144 0
5138 3145 0
5139 3146 0
5140 3146 0
5141 3146 0
5142 3147 0
5143 3148 0
5144 3149 0
5145 3150 0
5146 3152 0
5147 3152 0
5148 3152 0
5149 3154 0
5150 3154 0
5151 3154 0
5152 3155 0
5153 3156 0
5154 3157 0
5155 3158 0
5156 3161 0
5157 3162 0
5158 3163 0
5159 3163 0
5160 3163 0
5161 3164 0
5162 3164 0
5163 3164 0
5164 3165 0
5165 3166 0
5166 3167 0
5167 3168 0
5168 3170 0
5169 3171 0
5170 3172 0
5171 3173 0
5172 3174 0
5173 3175 0
5174 3176 0
5175 3177 0
5176 3178 0
5177 3178 0
5178 3178 0
5179 3179 0
5180 3179 0
5181 3179 0
5182 3180 0
5183 3181 0
5184 3182 0
5185 3182 0
5186 3183 0
5187 3184 0
5188 3184 0
5189 3185 0
5190 3186 0
5191 3186 0
5192 3186 0
5193 3187 0
5194 3188 0
5195 3190 0
5196 3191 0
5197 3192 0
5198 3193 0
5199 3193 0
5200 3193 0
5201 3194 0
5202 3195 0
5203 3195 0
5204 3195 0
5205 3196 0
5206 3197 0
5207 3198 0
5208 3199 0
5209 3200 0
5210 3201 0
5211 3202 0
5212 3203 0
5213 3203 0
5214 3203 0
5215 3204 0
5216 3205 0
5217 3205 0
5218 3205 0
5219 3206 0
5220 3207 0
5221 3208 0
5222 3210 0
5223 3211 0
5224 3212 0
5225 3213 0
5226 3214 0
5227 3215 0
5228 3216 0
5229 3217 0
5230 3217 0
5231 3217 0
5232 3218 0
5233 3219 0
5234 3220 0
5235 3220 0
5236 3221 0
5237 3222 0
5238 3223 0
5239 3223 0
5240 3223 0
5241 3224 0
5242 3225 0
5243 3225 0
5244 3226 0
5245 3226 0
5246 3226 0
5247 3227 0
5248 3228 0
5249 3228 0
5250 3228 0
5251 3229 0
5252 3231 0
5253 3232 0
5254 3233 0
5255 3234 0
5256 3235 0
5257 3236 0
5258 3238 0
5259 3239 0
5260 3240 0
5261 3241 0
5262 3241 0
5263 3241 0
5264 3242 0
5265 3243 0
5266 3244 0
5267 3245 0
5268 3246 0
5269 3247 0
5270 3248 0
5271 3248 0
5272 3248 0
5273 3249 0
5274 3250 0
5275 3251 0
5276 3251 0
5277 3251 0
5278 3252 0
5279 3253 0
5280 3253 0
5281 3253 0
5282 3254 0
5283 3255 0
5284 3256 0
5285 3257 0
5286 3258 0
5287 3259 0
5288 3260 0
5289 3261 0
5290 3262 0
5291 3262 0
5292 3262 0
5293 3263 0
5294 3264 0
5295 3264 0
5296 3264 0
5297 3265 0
5298 3266 0
5299 3267 0
5300 3268 0
5301 3269 0
5302 3270 0
5303 3271 0
5304 3272 0
5305 3272 0
5306 3273 0
5307 3273 0
5308 3274 0
5309 3275 0
5310 3275 0
5311 3276 0
5312 3277 0
5313 3277 0
5314 3277 0
5315 3278 0
5316 3279 0
5317 3280 0
5318 3280 0
5319 3280 0
5320 3281 0
5321 3282 0
5322 3282 0
5323 3282 0
5324 3283 0
5325 3283 0
5326 3283 0
5327 3285 0
5328 3286 0
5329 3287 0
5330 3288 0
5331 3288 0
5332 3288 0
5333 3289 0
5334 3290 0
5335 3291 0
5336 3292 0
5337 3293 0
5338 3295 0
5339 3296 0
5340 3296 0
5341 3296 0
5342 3297 0
5343 3298 0
5344 3299 0
5345 3300 0
5346 3301 0
5347 3302 0
5348 3303 0
5349 3303 0
5350 3303 0
5351 3304 0
5352 3305 0
5353 3306 0
5354 3306 0
5355 3307 0
5356 3308 0
5357 3309 0
5358 3310 0
5359 3310 0
5360 3310 0
5361 3311 0
5362 3312 0
5363 3313 0
5364 3313 0
5365 3313 0
5366 3314 0
5367 3315 0
5368 3316 0
5369 3317 0
5370 3318 0
5371 3319 0
5372 3320 0
5373 3320 0
5374 3321 0
5375 3322 0
5376 3322 0
5377 3322 0
5378 3323 0
5379 3324 0
5380 3326 0
5381 3327 0
5382 3328 0
5383 3329 0
5384 3330 0
5385 3330 0
5386 3331 0
5387 3332 0
5388 3333 0
5389 3333 0
5390 3333 0
5391 3334 0
5392 3334 0
5393 3334 0
5394 3335 0
5395 3336 0
5396 3336 0
5397 3336 0
5398 3337 0
5399 3338 0
5400 3339 0
5401 3339 0
5402 3339 0
5403 3340 0
5404 3341 0
5405 3341 0
5406 3342 0
5407 3343 0
5408 3343 0
5409 3343 0
5410 3344 0
5411 3345 0
5412 3347 0
5413 3348 0
5414 3349 0
5415 3350 0
5416 3351 0
5417 3351 0
5418 3351 0
5419 3352 0
5420 3353 0
5421 3353 0
5422 3353 0
5423 3354 0
5424 3355 0
5425 3356 0
5426 3356 0
5427 3356 0
5428 3357 0
5429 3358 0
5430 3359 0
5431 3360 0
5432 3361 0
5433 3364 0
5434 3365 0
5435 3366 0
5436 3367 0
5437 3368 0
5438 3369 0
5439 3369 0
5440 3369 0
5441 3370 0
5442 3371 0
5443 3372 0
5444 3372 0
5445 3372 0
5446 3373 0
5447 3374 0
5448 3374 0
5449 3374 0
5450 3375 0
5451 3376 0
5452 3377 0
5453 3379 0
5454 3380 0
5455 3381 0
5456 3382 0
5457 3382 0
5458 3383 0
5459 3384 0
5460 3385 0
5461 3385 0
5462 3385 0
5463 3386 0
5464 3387 0
5465 3388 0
5466 3388 0
5467 3388 0
5468 3389 0
5469 3389 0
5470 3389 0
5471 3390 0
5472 3392 0
5473 3393 0
5474 3395 0
5475 3397 0
5476 3398 0
5477 3399 0
5478 3401 0
5479 3401 0
5480 3401 0
5481 3402 0
5482 3403 0
5483 3404 0
5484 3406 0
5485 3406 0
5486 3406 0
5487 3407 0
5488 3408 0
5489 3409 0
5490 3410 0
5491 3411 0
5492 3412 0
5493 3413 0
5494 3414 0
5495 3414 0
5496 3414 0
5497 3415 0
5498 3416 0
5499 3416 0
5500 3416 0
5501 3417 0
5502 3418 0
5503 3419 0
5504 3420 0
5505 3421 0
5506 3422 0
5507 3423 0
5508 3424 0
5509 3425 0
5510 3426 0
5511 3427 0
5512 3428 0
5513 3429 0
5514 3430 0
5515 3430 0
5516 3431 0
5517 3431 0
5518 3432 0
5519 3433 0
5520 3434 0
5521 3434 0
5522 3434 0
5523 3435 0
5524 3436 0
5525 3436 0
5526 3437 0
5527 3437 0
5528 3437 0
5529 3438 0
5530 3439 0
5531 3440 0
5532 3440 0
5533 3440 0
5534 3441 0
5535 3442 0
5536 3442 0
5537 3442 0
5538 3443 0
5539 3444 0
5540 3445 0
5541 3445 0
5542 3446 0
5543 3446 0
5544 3446 0
5545 3447 0
5546 3448 0
5547 3449 0
5548 3449 0
5549 3449 0
5550 3450 0
5551 3451 0
5552 3452 0
5553 3453 0
5554 3454 0
5555 3456 0
5556 3457 0
5557 3458 0
5558 3459 0
5559 3460 0
5560 3461 0
5561 3462 0
5562 3462 0
5563 3462 0
5564 3463 0
5565 3464 0
5566 3465 0
5567 3465 0
5568 3466 0
5569 3467 0
5570 3468 0
5571 3468 0
5572 3468 0
5573 3469 0
5574 3470 0
5575 3470 0
5576 3471 0
5577 3471 0
5578 3471 0
5579 3472 0
5580 3473 0
5581 3474 0
5582 3474 0
5583 3474 0
5584 3475 0
5585 3476 0
5586 3477 0
5587 3478 0
5588 3480 0
5589 3481 0
5590 3481 0
5591 3481 0
5592 3482 0
5593 3483 0
5594 3483 0
5595 3483 0
5596 3484 0
5597 3485 0
5598 3486 0
5599 3487 0
5600 3488 0
5601 3489 0
5602 3490 0
5603 3490 0
5604 3492 0
5605 3493 0
5606 3494 0
5607 3495 0
5608 3495 0
5609 3495 0
5610 3496 0
5611 3496 0
5612 3496 0
5613 3497 0
5614 3498 0
5615 3498 0
5616 3498 0
5617 3499 0
5618 3502 0
5619 3503 0
5620 3504 0
5621 3505 0
5622 3506 0
5623 3507 0
5624 3508 0
5625 3509 0
5626 3510 0
5627 3511 0
5628 3511 0
5629 3511 0
5630 3512 0
5631 3513 0
5632 3515 0
5633 3517 0
5634 3518 0
5635 3518 0
5636 3518 0
5637 3519 0
5638 3519 0
5639 3519 0
5640 3520 0
5641 3521 0
5642 3523 0
5643 3524 0
5644 3525 0
5645 3525 0
5646 3525 0
5647 3526 0
5648 3527 0
5649 3528 0
5650 3529 0
5651 3530 0
5652 3531 0
5653 3532 0
5654 3532 0
5655 3533 0
5656 3533 0
5657 3533 0
5658 3534 0
5659 3535 0
5660 3535 0
5661 3536 0
5662 3537 0
5663 3537 0
5664 3537 0
5665 3538 0
5666 3539 0
5667 3540 0
5668 3540 0
5669 3540 0
5670 3541 0
5671 3541 0
5672 3542 0
5673 3543 0
5674 3544 0
5675 3546 0
5676 3547 0
5677 3548 0
5678 3549 0
5679 3550 0
5680 3551 0
5681 3552 0
5682 3553 0
5683 3554 0
5684 3555 0
5685 3556 0
5686 3556 0
5687 3556 0
5688 3557 0
5689 3557 0
5690 3557 0
5691 3558 0
5692 3560 0
5693 3560 0
5694 3562 0
5695 3563 0
5696 3563 0
5697 3563 0
5698 3564 0
5699 3564 0
5700 3565 0
5701 3566 0
5702 3567 0
5703 3568 0
5704 3569 0
5705 3570 0
5706 3571 0
5707 3572 0
5708 3572 0
5709 3572 0
5710 3573 0
5711 3573 0
5712 3573 0
5713 3574 0
5714 3575 0
5715 3576 0
5716 3576 0
5717 3576 0
5718 3577 0
5719 3578 0
5720 3579 0
5721 3579 0
5722 3579 0
5723 3580 0
5724 3580 0
5725 3581 0
5726 3582 0
5727 3584 0
5728 3585 0
5729 3586 0
5730 3587 0
5731 3588 0
5732 3588 0
5733 3588 0
5734 3589 0
5735 3590 0
5736 3591 0
5737 3591 0
5738 3591 0
5739 3592 0
5740 3593 0
5741 3594 0
5742 3594 0
5743 3594 0
5744 3596 0
5745 3597 0
5746 3597 0
5747 3597 0
5748 3598 0
5749 3598 0
5750 3598 0
5751 3599 0
5752 3600 0
5753 3602 0
5754 3603 0
5755 3604 0
5756 3605 0
5757 3605 0
5758 3605 0
5759 3606 0
5760 3607 0
5761 3608 0
5762 3609 0
5763 3610 0
5764 3611 0
5765 3612 0
5766 3613 0
5767 3613 0
5768 3614 0
5769 3615 0
5770 3615 0
5771 3615 0
5772 3616 0
5773 3617 0
5774 3618 0
5775 3618 0
5776 3618 0
5777 3619 0
5778 3620 0
5779 3620 0
5780 3620 0
5781 3621 0
5782 3622 0
5783 3622 0
5784 3622 0
5785 3623 0
5786 3624 0
5787 3624 0
5788 3624 0
5789 3625 0
5790 3627 0
5791 3628 0
5792 3630 0
5793 3631 0
5794 3632 0
5795 3633 0
5796 3634 0
5797 3634 0
5798 3634 0
5799 3636 0
5800 3637 0
5801 3639 0
5802 3639 0
5803 3639 0
5804 3640 0
5805 3641 0
5806 3642 0
5807 3643 0
5808 3646 0
5809 3647 0
5810 3648 0
5811 3648 0
5812 3648 0
5813 3649 0
5814 3649 0
5815 3649 0
5816 3650 0
5817 3651 0
5818 3652 0
5819 3655 0
5820 3656 0
5821 3656 0
5822 3656 0
5823 3657 0
5824 3658 0
5825 3659 0
5826 3660 0
5827 3662 0
5828 3663 0
5829 3664 0
5830 3665 0
5831 3665 0
5832 3665 0
5833 3666 0
5834 3666 0
5835 3666 0
5836 3667 0
5837 3668 0
5838 3669 0
5839 3670 0
5840 3671 0
5841 3672 0
5842 3673 0
5843 3674 0
5844 3674 0
5845 3674 0
5846 3675 0
5847 3676 0
5848 3677 0
5849 3678 0
5850 3680 0
5851 3680 0
5852 3680 0
5853 3681 0
5854 3682 0
5855 3683 0
5856 3684 0
5857 3685 0
5858 3686 0
5859 3687 0
5860 3688 0
5861 3689 0
5862 3690 0
5863 3690 0
5864 3690 0
5865 3691 0
5866 3692 0
5867 3692 0
5868 3692 0
5869 3693 0
5870 3693 0
5871 3693 0
5872 3694 0
5873 3695 0
5874 3695 0
5875 3696 0
5876 3697 0
5877 3698 0
5878 3698 0
5879 3699 0
5880 3700 0
5881 3700 0
5882 3700 0
5883 3701 0
5884 3702 0
5885 3703 0
5886 3704 0
5887 3705 0
5888 3707 0
5889 3708 0
5890 3708 0
5891 3709 0
5892 3710 0
5893 3711 0
5894 3712 0
5895 3713 0
5896 3714 0
5897 3716 0
5898 3716 0
5899 3716 0
5900 3717 0
5901 3718 0
5902 3718 0
5903 3719 0
5904 3720 0
5905 3721 0
5906 3722 0
5907 3722 0
5908 3722 0
5909 3723 0
5910 3724 0
5911 3725 0
5912 3726 0
5913 3727 0
5914 3729 0
5915 3731 0
5916 3732 0
5917 3732 0
5918 3732 0
5919 3733 0
5920 3734 0
5921 3734 0
5922 3734 0
5923 3735 0
5924 3736 0
5925 3737 0
5926 3738 0
5927 3739 0
5928 3740 0
5929 3741 0
5930 3742 0
5931 3742 0
5932 3743 0
5933 3744 0
5934 3744 0
5935 3744 0
5936 3746 0
5937 3747 0
5938 3747 0
5939 3747 0
5940 3748 0
5941 3749 0
5942 3749 0
5943 3749 0
5944 3750 0
5945 3751 0
5946 3751 0
5947 3751 0
5948 3752 0
5949 3753 0
5950 3753 0
5951 3753 0
5952 3754 0
5953 3754 0
5954 3754 0
5955 3755 0
5956 3756 0
5957 3757 0
5958 3760 0
5959 3761 0
5960 3762 0
5961 3763 0
5962 3764 0
5963 3765 0
5964 3766 0
5965 3767 0
5966 3768 0
5967 3769 0
5968 3770 0
5969 3770 0
5970 3770 0
5971 3771 0
5972 3772 0
5973 3773 0
5974 3773 0
5975 3774 0
5976 3775 0
5977 3775 0
5978 3775 0
5979 3776 0
5980 3777 0
5981 3777 0
5982 3777 0
5983 3778 0
5984 3778 0
5985 3778 0
5986 3779 0
5987 3780 0
5988 3781 0
5989 3782 0
5990 3783 0
5991 3784 0
5992 3784 0
5993 3784 0
5994 3787 0
5995 3789 0
5996 3790 0
5997 3791 0
5998 3792 0
5999 3792 0
6000 3792 0
6001 3793 0
6002 3793 0
6003 3793 0
6004 3794 0
6005 3795 0
6006 3797 0
6007 3798 0
6008 3799 0
6009 3799 0
6010 3799 0
6011 3802 0
6012 3803 0
6013 3804 0
6014 3806 0
6015 3807 0
6016 3807 0
6017 3807 0
6018 3809 0
6019 3810 0
6020 3811 0
6021 3812 0
6022 3813 0
6023 3814 0
6024 3814 0
6025 3814 0
6026 3815 0
6027 3816 0
6028 3817 0
6029 3819 0
6030 3821 0
6031 3822 0
6032 3822 0
6033 3822 0
6034 3823 0
6035 3823 0
6036 3823 0
6037 3824 0
6038 3825 0
6039 3826 0
6040 3827 0
6041 3828 0
6042 3829 0
6043 3829 0
6044 3829 0
6045 3830 0
6046 3832 0
6047 3833 0
6048 3834 0
6049 3837 0
6050 3837 0
6051 3837 0
6052 3838 0
6053 3839 0
6054 3840 0
6055 3841 0
6056 3842 0
6057 3843 0
6058 3843 0
6059 3843 0
6060 3844 0
6061 3845 0
6062 3846 0
6063 3846 0
6064 3846 0
6065 3847 0
6066 3848 0
6067 3848 0
6068 3848 0
6069 3849 0
6070 3850 0
6071 3850 0
6072 3850 0
6073 3852 0
6074 3853 0
6075 3853 0
6076 3853 0
6077 3854 0
6078 3855 0
6079 3856 0
6080 3857 0
6081 3858 0
6082 3860 0
6083 3860 0
6084 3860 0
6085 3861 0
6086 3863 0
6087 3864 0
6088 3865 0
6089 3866 0
6090 3867 0
6091 3868 0
6092 3870 0
6093 3871 0
6094 3872 0
6095 3873 0
6096 3873 0
6097 3873 0
6098 3874 0
6099 3875 0
6100 3876 0
6101 3877 0
6102 3878 0
6103 3879 0
6104 3880 0
6105 3880 0
6106 3880 0
6107 3881 0
6108 3882 0
6109 3883 0
6110 3883 0
6111 3883 0
6112 3884 0
6113 3885 0
6114 3885 0
6115 3885 0
6116 3886 0
6117 3887 0
6118 3888 0
6119 3889 0
6120 3890 0
6121 3891 0
6122 3892 0
6123 3893 0
6124 3894 0
6125 3896 0
6126 3896 0
6127 3896 0
6128 3898 0
6129 3898 0
6130 3898 0
6131 3899 0
6132 3900 0
6133 3901 0
6134 3902 0
6135 3903 0
6136 3904 0
6137 3905 0
6138 3906 0
6139 3906 0
6140 3907 0
6141 3907 0
6142 3908 0
6143 3909 0
6144 3909 0
6145 3910 0
6146 3911 0
6147 3911 0
6148 3911 0
6149 3912 0
6150 3913 0
6151 3914 0
6152 3914 0
6153 3914 0
6154 3915 0
6155 3916 0
6156 3916 0
6157 3916 0
6158 3917 0
6159 3917 0
6160 3917 0
6161 3918 0
6162 3919 0
6163 3920 0
6164 3921 0
6165 3922 0
6166 3922 0
6167 3922 0
6168 3923 0
6169 3924 0
6170 3925 0
6171 3926 0
6172 3927 0
6173 3929 0
6174 3930 0
6175 3930 0
6176 3930 0
6177 3931 0
6178 3932 0
6179 3933 0
6180 3934 0
6181 3935 0
6182 3936 0
6183 3937 0
6184 3937 0
6185 3937 0
6186 3939 0
6187 3940 0
6188 3940 0
6189 3941 0
6190 3942 0
6191 3943 0
6192 3944 0
6193 3944 0
6194 3944 0
6195 3945 0
6196 3946 0
6197 3946 0
6198 3946 0
6199 3947 0
6200 3948 0
6201 3949 0
6202 3950 0
6203 3951 0
6204 3952 0
6205 3953 0
6206 3954 0
6207 3954 0
6208 3955 0
6209 3956 0
6210 3957 0
6211 3958 0
6212 3958 0
6213 3958 0
6214 3959 0
6215 3959 0
6216 3959 0
6217 3960 0
6218 3961 0
6219 3961 0
6220 3961 0
6221 3962 0
6222 3963 0
6223 3964 0
6224 3965 0
6225 3966 0
6226 3967 0
6227 3968 0
6228 3969 0
6229 3970 0
6230 3971 0
6231 3972 0
6232 3973 0
6233 3974 0
6234 3975 0
6235 3975 0
6236 3975 0
6237 3976 0
6238 3976 0
6239 3976 0
6240 3977 0
6241 3978 0
6242 3979 0
6243 3979 0
6244 3980 0
6245 3981 0
6246 3981 0
6247 3982 0
6248 3983 0
6249 3983 0
6250 3983 0
6251 3984 0
6252 3985 0
6253 3985 0
6254 3985 0
6255 3986 0
6256 3987 0
6257 3988 0
6258 3988 0
6259 3988 0
6260 3989 0
6261 3990 0
6262 3990 0
6263 3991 0
6264 3992 0
6265 3992 0
6266 3992 0
6267 3993 0
6268 3994 0
6269 3996 0
6270 3997 0
6271 3998 0
6272 3999 0
6273 4000 0
6274 4000 0
6275 4000 0
6276 4001 0
6277 4002 0
6278 4003 0
6279 4003 0
6280 4003 0
6281 4004 0
6282 4004 0
6283 4004 0
6284 4005 0
6285 4006 0
6286 4007 0
6287 4007 0
6288 4007 0
6289 4008 0
6290 4009 0
6291 4010 0
6292 4011 0
6293 4012 0
6294 4015 0
6295 4016 0
6296 4017 0
6297 4018 0
6298 4018 0
6299 4019 0
6300 4020 0
6301 4021 0
6302 4022 0
6303 4023 0
6304 4024 0
6305 4025 0
6306 4026 0
6307 4027 0
6308 4027 0
6309 4028 0
6310 4029 0
6311 4029 0
6312 4029 0
6313 4030 0
6314 4031 0
6315 4032 0
6316 4032 0
6317 4032 0
6318 4033 0
6319 4033 0
6320 4033 0
6321 4034 0
6322 4036 0
6323 4037 0
6324 4039 0
6325 4041 0
6326 4042 0
6327 4043 0
6328 4045 0
6329 4045 0
6330 4046 0
6331 4047 0
6332 4048 0
6333 4050 0
6334 4050 0
6335 4050 0
6336 4051 0
6337 4052 0
6338 4053 0
6339 4054 0
6340 4055 0
6341 4056 0
6342 4057 0
6343 4058 0
6344 4058 0
6345 4058 0
6346 4059 0
6347 4060 0
6348 4060 0
6349 4060 0
6350 4061 0
6351 4062 0
6352 4063 0
6353 4064 0
6354 4065 0
6355 4066 0
6356 4067 0
6357 4068 0
6358 4069 0
6359 4070 0
6360 4071 0
6361 4071 0
6362 4072 0
6363 4073 0
6364 4074 0
6365 4074 0
6366 4075 0
6367 4075 0
6368 4076 0
6369 4077 0
6370 4078 0
6371 4078 0
6372 4078 0
6373 4079 0
6374 4080 0
6375 4080 0
6376 4081 0
6377 4081 0
6378 4081 0
6379 4082 0
6380 4083 0
6381 4084 0
6382 4084 0
6383 4084 0
6384 4085 0
6385 4086 0
6386 4086 0
6387 4086 0
6388 4087 0
6389 4088 0
6390 4089 0
6391 4089 0
6392 4090 0
6393 4090 0
6394 4090 0
6395 4091 0
6396 4092 0
6397 4093 0
6398 4093 0
6399 4093 0
6400 4094 0
6401 4095 0
6402 4096 0
6403 4097 0
6404 4098 0
6405 4101 0
6406 4102 0
6407 4103 0
6408 4104 0
6409 4105 0
6410 4106 0
6411 4106 0
6412 4106 0
6413 4107 0
6414 4109 0
6415 4110 0
6416 4110 0
6417 4110 0
6418 4111 0
6419 4112 0
6420 4112 0
6421 4113 0
6422 4113 0
6423 4113 0
6424 4114 0
6425 4115 0
6426 4115 0
6427 4115 0
6428 4116 0
6429 4117 0
6430 4118 0
6431 4119 0
6432 4120 0
6433 4121 0
6434 4122 0
6435 4123 0
6436 4123 0
6437 4124 0
6438 4125 0
6439 4126 0
6440 4127 0
6441 4128 0
6442 4128 0
6443 4128 0
6444 4129 0
6445 4129 0
6446 4129 0
6447 4130 0
6448 4131 0
6449 4131 0
6450 4131 0
6451 4132 0
6452 4133 0
6453 4134 0
6454 4136 0
6455 4137 0
6456 4138 0
6457 4139 0
6458 4139 0
6459 4139 0
6460 4140 0
6461 4142 0
6462 4143 0
6463 4144 0
6464 4145 0
6465 4146 0
6466 4147 0
6467 4148 0
6468 4149 0
6469 4150 0
6470 4151 0
6471 4152 0
6472 4152 0
6473 4152 0
6474 4153 0
6475 4154 0
6476 4156 0
6477 4158 0
6478 4159 0
6479 4159 0
6480 4159 0
6481 4160 0
6482 4160 0
6483 4161 0
6484 4162 0
6485 4164 0
6486 4165 0
6487 4166 0
6488 4167 0
6489 4168 0
6490 4169 0
6491 4170 0
6492 4171 0
6493 4171 0
6494 4172 0
6495 4172 0
6496 4172 0
6497 4173 0
6498 4174 0
6499 4174 0
6500 4175 0
6501 4176 0
6502 4176 0
6503 4176 0
6504 4177 0
6505 4178 0
6506 4179 0
6507 4179 0
6508 4179 0
6509 4180 0
6510 4180 0
6511 4181 0
6512 4182 0
6513 4183 0
6514 4185 0
6515 4186 0
6516 4187 0
6517 4188 0
6518 4189 0
6519 4190 0
6520 4191 0
6521 4192 0
6522 4193 0
6523 4194 0
6524 4195 0
6525 4195 0
6526 4195 0
6527 4196 0
6528 4196 0
6529 4196 0
6530 4197 0
6531 4199 0
6532 4199 0
6533 4201 0
6534 4202 0
6535 4202 0
6536 4202 0
6537 4203 0
6538 4203 0
6539 4204 0
6540 4205 0
6541 4206 0
6542 4207 0
6543 4208 0
6544 4209 0
6545 4210 0
6546 4211 0
6547 4211 0
6548 4211 0
6549 4212 0
6550 4212 0
6551 4212 0
6552 4213 0
6553 4214 0
6554 4215 0
6555 4215 0
6556 4215 0
6557 4216 0
6558 4217 0
6559 4218 0
6560 4218 0
6561 4218 0
6562 4219 0
6563 4219 0
6564 4220 0
6565 4221 0
6566 4223 0
6567 4224 0
6568 4225 0
6569 4226 0
6570 4227 0
6571 4227 0
6572 4227 0
6573 4228 0
6574 4229 0
6575 4229 0
6576 4229 0
6577 4230 0
6578 4231 0
6579 4232 0
6580 4234 0
6581 4235 0
6582 4236 0
6583 4237 0
6584 4237 0
6585 4238 0
6586 4239 0
6587 4239 0
6588 4239 0
6589 4240 0
6590 4241 0
6591 4242 0
6592 4242 0
6593 4242 0
6594 4243 0
6595 4244 0
6596 4245 0
6597 4245 0
6598 4245 0
6599 4246 0
6600 4247 0
6601 4248 0
6602 4248 0
6603 4248 0
6604 4249 0
6605 4249 0
6606 4249 0
6607 4251 0
6608 4252 0
6609 4254 0
6610 4255 0
6611 4256 0
6612 4257 0
6613 4259 0
6614 4260 0
6615 4261 0
6616 4262 0
6617 4262 0
6618 4263 0
6619 4264 0
6620 4264 0
6621 4264 0
6622 4265 0
6623 4266 0
6624 4267 0
6625 4267 0
6626 4267 0
6627 4268 0
6628 4269 0
6629 4269 0
6630 4269 0
6631 4270 0
6632 4271 0
6633 4271 0
6634 4271 0
6635 4272 0
6636 4273 0
6637 4273 0
6638 4273 0
6639 4274 0
6640 4276 0
6641 4277 0
6642 4279 0
6643 4280 0
6644 4281 0
6645 4282 0
6646 4283 0
6647 4283 0
6648 4283 0
6649 4285 0
6650 4286 0
6651 4288 0
6652 4288 0
6653 4288 0
6654 4289 0
6655 4290 0
6656 4291 0
6657 4292 0
6658 4295 0
6659 4296 0
6660 4296 0
6661 4297 0
6662 4297 0
6663 4297 0
6664 4298 0
6665 4299 0
6666 4300 0
6667 4301 0
6668 4303 0
6669 4304 0
6670 4305 0
6671 4305 0
6672 4305 0
6673 4306 0
6674 4306 0
6675 4306 0
6676 4307 0
6677 4308 0
6678 4308 0
6679 4308 0
6680 4309 0
6681 4310 0
6682 4311 0
6683 4312 0
6684 4312 0
6685 4312 0
6686 4313 0
6687 4313 0
6688 4313 0
6689 4314 0
6690 4315 0
6691 4316 0
6692 4316 0
6693 4317 0
6694 4318 0
6695 4319 0
6696 4320 0
6697 4323 0
6698 4323 0
6699 4323 0
6700 4324 0
6701 4325 0
6702 4327 0
6703 4329 0
6704 4330 0
6705 4331 0
6706 4331 0
6707 4331 0
6708 4332 0
6709 4333 0
6710 4333 0
6711 4333 0
6712 4335 0
6713 4336 0
6714 4337 0
6715 4338 0
6716 4339 0
6717 4340 0
6718 4340 0
6719 4341 0
6720 4342 0
6721 4345 0
6722 4346 0
6723 4346 0
6724 4346 0
6725 4347 0
6726 4349 0
6727 4350 0
6728 4351 0
6729 4352 0
6730 4353 0
6731 4354 0
6732 4355 0
6733 4356 0
6734 4357 0
6735 4357 0
6736 4357 0
6737 4358 0
6738 4359 0
6739 4359 0
6740 4359 0
6741 4360 0
6742 4361 0
6743 4362 0
6744 4363 0
6745 4363 0
6746 4363 0
6747 4364 0
6748 4365 0
6749 4366 0
6750 4368 0
6751 4369 0
6752 4370 0
6753 4371 0
6754 4372 0
6755 4372 0
6756 4372 0
6757 4374 0
6758 4375 0
6759 4375 0
6760 4375 0
6761 4376 0
6762 4378 0
6763 4379 0
6764 4380 0
6765 4382 0
6766 4383 0
6767 4384 0
6768 4385 0
6769 4386 0
6770 4387 0
6771 4387 0
6772 4387 0
6773 4388 0
6774 4389 0
6775 4390 0
6776 4390 0
6777 4390 0
6778 4391 0
6779 4392 0
6780 4393 0
6781 4395 0
6782 4396 0
6783 4396 0
6784 4398 0
6785 4399 0
6786 4399 0
6787 4399 0
6788 4400 0
6789 4401 0
6790 4402 0
6791 4402 0
6792 4402 0
6793 4403 0
6794 4403 0
6795 4403 0
6796 4404 0
6797 4405 0
6798 4405 0
6799 4405 0
6800 4406 0
6801 4407 0
6802 4408 0
6803 4408 0
6804 4408 0
6805 4409 0
6806 4409 0
6807 4409 0
6808 4410 0
6809 4411 0
6810 4412 0
6811 4414 0
6812 4415 0
6813 4416 0
6814 4417 0
6815 4418 0
6816 4418 0
6817 4418 0
6818 4419 0
6819 4420 0
6820 4421 0
6821 4421 0
6822 4421 0
6823 4422 0
6824 4423 0
6825 4423 0
6826 4423 0
6827 4424 0
6828 4425 0
6829 4425 0
6830 4425 0
6831 4426 0
6832 4426 0
6833 4427 0
6834 4428 0
6835 4430 0
6836 4431 0
6837 4432 0
6838 4433 0
6839 4434 0
6840 4434 0
6841 4435 0
6842 4436 0
6843 4436 0
6844 4436 0
6845 4438 0
6846 4439 0
6847 4440 0
6848 4441 0
6849 4442 0
6850 4444 0
6851 4445 0
6852 4445 0
6853 4445 0
6854 4446 0
6855 4447 0
6856 4448 0
6857 4448 0
6858 4448 0
6859 4449 0
6860 4450 0
6861 4452 0
6862 4453 0
6863 4455 0
6864 4456 0
6865 4456 0
6866 4456 0
6867 4457 0
6868 4458 0
6869 4460 0
6870 4461 0
6871 4462 0
6872 4463 0
6873 4463 0
6874 4464 0
6875 4466 0
6876 4467 0
6877 4468 0
6878 4469 0
6879 4470 0
6880 4470 0
6881 4470 0
6882 4471 0
6883 4472 0
6884 4473 0
6885 4474 0
6886 4475 0
6887 4476 0
6888 4476 0
6889 4477 0
6890 4477 0
6891 4477 0
6892 4478 0
6893 4479 0
6894 4480 0
6895 4480 0
6896 4480 0
6897 4482 0
6898 4483 0
6899 4485 0
6900 4486 0
6901 4487 0
6902 4488 0
6903 4489 0
6904 4490 0
6905 4491 0
6906 4491 0
6907 4491 0
6908 4492 0
6909 4493 0
6910 4494 0
6911 4495 0
6912 4496 0
6913 4497 0
6914 4497 0
6915 4497 0
6916 4498 0
6917 4499 0
6918 4499 0
6919 4500 0
6920 4500 0
6921 4500 0
6922 4501 0
6923 4502 0
6924 4503 0
6925 4503 0
6926 4503 0
6927 4504 0
6928 4505 0
6929 4506 0
6930 4507 0
6931 4508 0
6932 4509 0
6933 4510 0
6934 4510 0
6935 4511 0
6936 4512 0
6937 4513 0
6938 4513 0
6939 4513 0
6940 4514 0
6941 4515 0
6942 4516 0
6943 4516 0
6944 4516 0
6945 4517 0
6946 4517 0
6947 4517 0
6948 4518 0
6949 4519 0
6950 4520 0
6951 4521 0
6952 4522 0
6953 4523 0
6954 4524 0
6955 4524 0
6956 4525 0
6957 4526 0
6958 4527 0
6959 4528 0
6960 4529 0
6961 4529 0
6962 4529 0
6963 4530 0
6964 4530 0
6965 4530 0
6966 4531 0
6967 4532 0
6968 4533 0
6969 4534 0
6970 4534 0
6971 4534 0
6972 4535 0
6973 4536 0
6974 4537 0
6975 4537 0
6976 4537 0
6977 4538 0
6978 4538 0
6979 4538 0
6980 4539 0
6981 4540 0
6982 4541 0
6983 4543 0
6984 4544 0
6985 4545 0
6986 4548 0
6987 4549 0
6988 4550 0
6989 4551 0
6990 4552 0
6991 4553 0
6992 4554 0
6993 4555 0
6994 4555 0
6995 4555 0
6996 4556 0
6997 4557 0
6998 4559 0
6999 4561 0
7000 4562 0
7001 4562 0
7002 4562 0
7003 4563 0
7004 4563 0
7005 4563 0
7006 4564 0
7007 4565 0
7008 4567 0
7009 4568 0
7010 4569 0
7011 4569 0
7012 4569 0
7013 4570 0
7014 4571 0
7015 4572 0
7016 4573 0
7017 4574 0
7018 4575 0
7019 4576 0
7020 4576 0
7021 4577 0
7022 4577 0
7023 4578 0
7024 4579 0
7025 4579 0
7026 4580 0
7027 4581 0
7028 4581 0
7029 4581 0
7030 4582 0
7031 4583 0
7032 4583 0
7033 4583 0
7034 4584 0
7035 4585 0
7036 4586 0
7037 4589 0
7038 4590 0
7039 4591 0
7040 4591 0
7041 4592 0
7042 4592 0
7043 4593 0
7044 4594 0
7045 4594 0
7046 4594 0
7047 4595 0
7048 4596 0
7049 4597 0
7050 4598 0
7051 4598 0
7052 4598 0
7053 4599 0
7054 4599 0
7055 4599 0
7056 4600 0
7057 4601 0
7058 4602 0
7059 4603 0
7060 4604 0
7061 4605 0
7062 4607 0
7063 4607 0
7064 4608 0
7065 4609 0
7066 4610 0
7067 4611 0
7068 4612 0
7069 4613 0
7070 4614 0
7071 4614 0
7072 4614 0
7073 4615 0
7074 4617 0
7075 4618 0
7076 4618 0
7077 4618 0
7078 4619 0
7079 4621 0
7080 4622 0
7081 4623 0
7082 4624 0
7083 4625 0
7084 4626 0
7085 4626 0
7086 4626 0
7087 4627 0
7088 4627 0
7089 4627 0
7090 4628 0
7091 4629 0
7092 4630 0
7093 4631 0
7094 4632 0
7095 4633 0
7096 4634 0
7097 4635 0
7098 4635 0
7099 4635 0
7100 4636 0
7101 4637 0
7102 4638 0
7103 4639 0
7104 4640 0
7105 4641 0
7106 4642 0
7107 4642 0
7108 4643 0
7109 4643 0
7110 4643 0
7111 4644 0
7112 4645 0
7113 4645 0
7114 4646 0
7115 4647 0
7116 4647 0
7117 4647 0
7118 4648 0
7119 4649 0
7120 4649 0
7121 4649 0
7122 4650 0
7123 4650 0
7124 4650 0
7125 4651 0
7126 4652 0
7127 4653 0
7128 4655 0
7129 4656 0
7130 4657 0
7131 4658 0
7132 4658 0
7133 4658 0
7134 4659 0
7135 4660 0
7136 4661 0
7137 4662 0
7138 4663 0
7139 4664 0
7140 4665 0
7141 4666 0
7142 4666 0
7143 4667 0
7144 4668 0
7145 4669 0
7146 4669 0
7147 4670 0
7148 4671 0
7149 4671 0
7150 4671 0
7151 4672 0
7152 4673 0
7153 4673 0
7154 4673 0
7155 4674 0
7156 4675 0
7157 4675 0
7158 4675 0
7159 4676 0
7160 4677 0
7161 4678 0
7162 4679 0
7163 4680 0
7164 4681 0
7165 4681 0
7166 4681 0
7167 4682 0
7168 4683 0
7169 4684 0
7170 4685 0
7171 4687 0
7172 4688 0
7173 4688 0
7174 4689 0
7175 4689 0
7176 4689 0
7177 4690 0
7178 4691 0
7179 4692 0
7180 4693 0
7181 4695 0
7182 4696 0
7183 4697 0
7184 4698 0
7185 4699 0
7186 4700 0
7187 4701 0
7188 4702 0
7189 4702 0
7190 4702 0
7191 4703 0
7192 4703 0
7193 4703 0
7194 4704 0
7195 4705 0
7196 4706 0
7197 4706 0
7198 4707 0
7199 4708 0
7200 4708 0
7201 4708 0
7202 4709 0
7203 4710 0
7204 4710 0
7205 4710 0
7206 4711 0
7207 4711 0
7208 4711 0
7209 4712 0
7210 4713 0
7211 4714 0
7212 4714 0
7213 4714 0
7214 4716 0
7215 4717 0
7216 4718 0
7217 4719 0
7218 4722 0
7219 4723 0
7220 4724 0
7221 4725 0
7222 4726 0
7223 4727 0
7224 4727 0
7225 4727 0
7226 4728 0
7227 4728 0
7228 4728 0
7229 4729 0
7230 4730 0
7231 4732 0
7232 4733 0
7233 4734 0
7234 4735 0
7235 4736 0
7236 4736 0
7237 4736 0
7238 4737 0
7239 4738 0
7240 4739 0
7241 4740 0
7242 4741 0
7243 4742 0
7244 4742 0
7245 4742 0
7246 4743 0
7247 4744 0
7248 4744 0
7249 4744 0
7250 4745 0
7251 4746 0
7252 4747 0
7253 4748 0
7254 4749 0
7255 4750 0
7256 4751 0
7257 4752 0
7258 4753 0
7259 4754 0
7260 4755 0
7261 4756 0
7262 4756 0
7263 4756 0
7264 4757 0
7265 4758 0
7266 4759 0
7267 4759 0
7268 4760 0
7269 4760 0
7270 4761 0
7271 4762 0
7272 4763 0
7273 4763 0
7274 4764 0
7275 4765 0
7276 4765 0
7277 4766 0
7278 4766 0
7279 4766 0
7280 4768 0
7281 4768 0
7282 4769 0
7283 4769 0
7284 4770 0
7285 4770 0
7286 4771 0
7287 4771 0
7288 4772 0
7289 4772 0
7290 4773 0
7291 4773 0
7292 4774 0
7293 4775 0
7294 4775 0
7295 4776 0
7296 4776 0
7297 4777 0
7298 4777 0
7299 4778 0
7300 4778 0
7301 4779 0
7302 4780 0
7303 4780 0
7304 4781 0
7305 4781 0
7306 4782 0
7307 4782 0
7308 4783 0
7309 4783 0
7310 4784 0
7311 4784 0
7312 4785 0
7313 4786 0
7314 4787 0
7315 4787 0
7316 4788 0
7317 4788 0
7318 4789 0
7319 4789 0
7320 4790 0
7321 4790 0
7322 4791 0
7323 4791 0
7324 4792 0
7325 4792 0
7326 4793 0
7327 4793 0
7328 4794 0
7329 4794 0
7330 4795 0
7331 4795 0
7332 4796 0
7333 4796 0
7334 4797 0
7335 4797 0
7336 4798 0
7337 4798 0
7338 4799 0
7339 4800 0
7340 4800 0
7341 4801 0
7342 4801 0
7343 4802 0
7344 4803 0
7345 4803 0
7346 4804 0
7347 4805 0
7348 4805 0
7349 4806 0
7350 4806 0
7351 4807 0
7352 4807 0
7353 4808 0
7354 4808 0
7355 4809 0
7356 4809 0
7357 4810 0
7358 4810 0
7359 4811 0
7360 4811 0
7361 4812 0
7362 4812 0
7363 4813 0
7364 4813 0
7365 4814 0
7366 4814 0
7367 4815 0
7368 4815 0
7369 4816 0
7370 4816 0
7371 4817 0
7372 4818 0
7373 4818 0
7374 4819 0
7375 4820 0
7376 4820 0
7377 4821 0
7378 4821 0
7379 4822 0
7380 4822 0
7381 4823 0
7382 4823 0
7383 4824 0
7384 4824 0
7385 4825 0
7386 4825 0
7387 4826 0
7388 4827 0
7389 4827 0
7390 4828 0
7391 4828 0
7392 4829 0
7393 4829 0
7394 4830 0
7395 4831 0
7396 4831 0
7397 4832 0
7398 4832 0
7399 4833 0
7400 4833 0
7401 4834 0
7402 4835 0
7403 4835 0
7404 4836 0
7405 4836 0
7406 4837 0
7407 4837 0
7408 4838 0
7409 4838 0
7410 4839 0
7411 4839 0
7412 4840 0
7413 4840 0
7414 4841 0
7415 4841 0
7416 4842 0
7417 4842 0
7418 4843 0
7419 4844 0
7420 4844 0
7421 4845 0
7422 4846 0
7423 4846 0
